x,f(x)
-1.0,0.0572219043970108
-1.0,0.0572219043970108
-1.0,0.0572219043970108
-1.0,0.0572219043970108
-1.0,0.0572219043970108
-1.0,0.0572219043970108
-1.0,0.0572219043970108
-1.0,0.0572219043970108
-1.0,0.0572219043970108
-1.0,0.0572219043970108
-1.0,0.0572219043970108
-1.0,0.0572219043970108
-1.0,0.0572219043970108
-1.0,0.0572219043970108
-1.0,0.0572219043970108
-1.0,0.0572219043970108
-1.0,0.0572219043970108
-1.0,0.0572219043970108
-1.0,0.0572219043970108
-1.0,0.0572219043970108
-1.0,0.0572219043970108
-1.0,0.0572219043970108
-1.0,0.0572219043970108
-1.0,0.0572219043970108
-1.0,0.0572219043970108
-1.0,0.0572219043970108
-1.0,0.0572219043970108
-1.0,0.0572219043970108
-1.0,0.0572219043970108
-1.0,0.0572219043970108
-1.0,0.0572219043970108
-1.0,0.0572219043970108
-1.0,0.0572219043970108
-1.0,0.0572219043970108
-1.0,0.0572219043970108
-1.0,0.0572219043970108
-1.0,0.0572219043970108
-1.0,0.0572219043970108
-1.0,0.0572219043970108
-1.0,0.0572219043970108
-1.0,0.0572219043970108
-1.0,0.0572219043970108
-1.0,0.0572219043970108
-1.0,0.0572219043970108
-1.0,0.0572219043970108
-1.0,0.0572219043970108
-1.0,0.0572219043970108
-1.0,0.0572219043970108
-1.0,0.0572219043970108
-1.0,0.0572219043970108
-1.0,0.0572219043970108
-1.0,0.0572219043970108
-1.0,0.0572219043970108
-1.0,0.0572219043970108
-1.0,0.0572219043970108
-1.0,0.0572219043970108
-1.0,0.0572219043970108
-1.0,0.0572219043970108
-1.0,0.0572219043970108
-1.0,0.0572219043970108
-1.0,0.0572219043970108
-1.0,0.0572219043970108
-1.0,0.0572219043970108
-1.0,0.0572219043970108
-1.0,0.0572219043970108
-1.0,0.0572219043970108
-1.0,0.0572219043970108
-1.0,0.0572219043970108
-1.0,0.0572219043970108
-1.0,0.0572219043970108
-1.0,0.0572219043970108
-1.0,0.0572219043970108
-1.0,0.0572219043970108
-1.0,0.0572219043970108
-1.0,0.0572219043970108
-1.0,0.0572219043970108
-1.0,0.0572219043970108
-1.0,0.0572219043970108
-1.0,0.0572219043970108
-1.0,0.0572219043970108
-1.0,0.0572219043970108
-1.0,0.0572219043970108
-1.0,0.0572219043970108
-1.0,0.0572219043970108
-1.0,0.0572219043970108
-1.0,0.0572219043970108
-1.0,0.0572219043970108
-1.0,0.0572219043970108
-1.0,0.0572219043970108
-1.0,0.0572219043970108
-1.0,0.0572219043970108
-1.0,0.0572219043970108
-1.0,0.0572219043970108
-1.0,0.0572219043970108
-1.0,0.0572219043970108
-1.0,0.0572219043970108
-1.0,0.0572219043970108
-1.0,0.0572219043970108
-1.0,0.0572219043970108
-1.0,0.0572219043970108
-1.0,0.0572219043970108
-0.9800000190734863,0.05886475369334221
-0.9800000190734863,0.05886475369334221
-0.9800000190734863,0.05886475369334221
-0.9800000190734863,0.05886475369334221
-0.9800000190734863,0.05886475369334221
-0.9800000190734863,0.05886475369334221
-0.9800000190734863,0.05886475369334221
-0.9800000190734863,0.05886475369334221
-0.9800000190734863,0.05886475369334221
-0.9800000190734863,0.05886475369334221
-0.9800000190734863,0.05886475369334221
-0.9800000190734863,0.05886475369334221
-0.9800000190734863,0.05886475369334221
-0.9800000190734863,0.05886475369334221
-0.9800000190734863,0.05886475369334221
-0.9800000190734863,0.05886475369334221
-0.9800000190734863,0.05886475369334221
-0.9800000190734863,0.05886475369334221
-0.9800000190734863,0.05886475369334221
-0.9800000190734863,0.05886475369334221
-0.9800000190734863,0.05886475369334221
-0.9800000190734863,0.05886475369334221
-0.9800000190734863,0.05886475369334221
-0.9800000190734863,0.05886475369334221
-0.9800000190734863,0.05886475369334221
-0.9800000190734863,0.05886475369334221
-0.9800000190734863,0.05886475369334221
-0.9800000190734863,0.05886475369334221
-0.9800000190734863,0.05886475369334221
-0.9800000190734863,0.05886475369334221
-0.9800000190734863,0.05886475369334221
-0.9800000190734863,0.05886475369334221
-0.9800000190734863,0.05886475369334221
-0.9800000190734863,0.05886475369334221
-0.9800000190734863,0.05886475369334221
-0.9800000190734863,0.05886475369334221
-0.9800000190734863,0.05886475369334221
-0.9800000190734863,0.05886475369334221
-0.9800000190734863,0.05886475369334221
-0.9800000190734863,0.05886475369334221
-0.9800000190734863,0.05886475369334221
-0.9800000190734863,0.05886475369334221
-0.9800000190734863,0.05886475369334221
-0.9800000190734863,0.05886475369334221
-0.9800000190734863,0.05886475369334221
-0.9800000190734863,0.05886475369334221
-0.9800000190734863,0.05886475369334221
-0.9800000190734863,0.05886475369334221
-0.9800000190734863,0.05886475369334221
-0.9800000190734863,0.05886475369334221
-0.9800000190734863,0.05886475369334221
-0.9800000190734863,0.05886475369334221
-0.9800000190734863,0.05886475369334221
-0.9800000190734863,0.05886475369334221
-0.9800000190734863,0.05886475369334221
-0.9800000190734863,0.05886475369334221
-0.9800000190734863,0.05886475369334221
-0.9800000190734863,0.05886475369334221
-0.9800000190734863,0.05886475369334221
-0.9800000190734863,0.05886475369334221
-0.9800000190734863,0.05886475369334221
-0.9800000190734863,0.05886475369334221
-0.9800000190734863,0.05886475369334221
-0.9800000190734863,0.05886475369334221
-0.9800000190734863,0.05886475369334221
-0.9800000190734863,0.05886475369334221
-0.9800000190734863,0.05886475369334221
-0.9800000190734863,0.05886475369334221
-0.9800000190734863,0.05886475369334221
-0.9800000190734863,0.05886475369334221
-0.9800000190734863,0.05886475369334221
-0.9800000190734863,0.05886475369334221
-0.9800000190734863,0.05886475369334221
-0.9800000190734863,0.05886475369334221
-0.9800000190734863,0.05886475369334221
-0.9800000190734863,0.05886475369334221
-0.9800000190734863,0.05886475369334221
-0.9800000190734863,0.05886475369334221
-0.9800000190734863,0.05886475369334221
-0.9800000190734863,0.05886475369334221
-0.9800000190734863,0.05886475369334221
-0.9800000190734863,0.05886475369334221
-0.9800000190734863,0.05886475369334221
-0.9800000190734863,0.05886475369334221
-0.9800000190734863,0.05886475369334221
-0.9800000190734863,0.05886475369334221
-0.9800000190734863,0.05886475369334221
-0.9800000190734863,0.05886475369334221
-0.9800000190734863,0.05886475369334221
-0.9800000190734863,0.05886475369334221
-0.9800000190734863,0.05886475369334221
-0.9800000190734863,0.05886475369334221
-0.9800000190734863,0.05886475369334221
-0.9800000190734863,0.05886475369334221
-0.9800000190734863,0.05886475369334221
-0.9800000190734863,0.05886475369334221
-0.9800000190734863,0.05886475369334221
-0.9800000190734863,0.05886475369334221
-0.9800000190734863,0.05886475369334221
-0.9800000190734863,0.05886475369334221
-0.9800000190734863,0.05886475369334221
-0.9599999785423279,0.06051094830036163
-0.9599999785423279,0.06051094830036163
-0.9599999785423279,0.06051094830036163
-0.9599999785423279,0.06051094830036163
-0.9599999785423279,0.06051094830036163
-0.9599999785423279,0.06051094830036163
-0.9599999785423279,0.06051094830036163
-0.9599999785423279,0.06051094830036163
-0.9599999785423279,0.06051094830036163
-0.9599999785423279,0.06051094830036163
-0.9599999785423279,0.06051094830036163
-0.9599999785423279,0.06051094830036163
-0.9599999785423279,0.06051094830036163
-0.9599999785423279,0.06051094830036163
-0.9599999785423279,0.06051094830036163
-0.9599999785423279,0.06051094830036163
-0.9599999785423279,0.06051094830036163
-0.9599999785423279,0.06051094830036163
-0.9599999785423279,0.06051094830036163
-0.9599999785423279,0.06051094830036163
-0.9599999785423279,0.06051094830036163
-0.9599999785423279,0.06051094830036163
-0.9599999785423279,0.06051094830036163
-0.9599999785423279,0.06051094830036163
-0.9599999785423279,0.06051094830036163
-0.9599999785423279,0.06051094830036163
-0.9599999785423279,0.06051094830036163
-0.9599999785423279,0.06051094830036163
-0.9599999785423279,0.06051094830036163
-0.9599999785423279,0.06051094830036163
-0.9599999785423279,0.06051094830036163
-0.9599999785423279,0.06051094830036163
-0.9599999785423279,0.06051094830036163
-0.9599999785423279,0.06051094830036163
-0.9599999785423279,0.06051094830036163
-0.9599999785423279,0.06051094830036163
-0.9599999785423279,0.06051094830036163
-0.9599999785423279,0.06051094830036163
-0.9599999785423279,0.06051094830036163
-0.9599999785423279,0.06051094830036163
-0.9599999785423279,0.06051094830036163
-0.9599999785423279,0.06051094830036163
-0.9599999785423279,0.06051094830036163
-0.9599999785423279,0.06051094830036163
-0.9599999785423279,0.06051094830036163
-0.9599999785423279,0.06051094830036163
-0.9599999785423279,0.06051094830036163
-0.9599999785423279,0.06051094830036163
-0.9599999785423279,0.06051094830036163
-0.9599999785423279,0.06051094830036163
-0.9599999785423279,0.06051094830036163
-0.9599999785423279,0.06051094830036163
-0.9599999785423279,0.06051094830036163
-0.9599999785423279,0.06051094830036163
-0.9599999785423279,0.06051094830036163
-0.9599999785423279,0.06051094830036163
-0.9599999785423279,0.06051094830036163
-0.9599999785423279,0.06051094830036163
-0.9599999785423279,0.06051094830036163
-0.9599999785423279,0.06051094830036163
-0.9599999785423279,0.06051094830036163
-0.9599999785423279,0.06051094830036163
-0.9599999785423279,0.06051094830036163
-0.9599999785423279,0.06051094830036163
-0.9599999785423279,0.06051094830036163
-0.9599999785423279,0.06051094830036163
-0.9599999785423279,0.06051094830036163
-0.9599999785423279,0.06051094830036163
-0.9599999785423279,0.06051094830036163
-0.9599999785423279,0.06051094830036163
-0.9599999785423279,0.06051094830036163
-0.9599999785423279,0.06051094830036163
-0.9599999785423279,0.06051094830036163
-0.9599999785423279,0.06051094830036163
-0.9599999785423279,0.06051094830036163
-0.9599999785423279,0.06051094830036163
-0.9599999785423279,0.06051094830036163
-0.9599999785423279,0.06051094830036163
-0.9599999785423279,0.06051094830036163
-0.9599999785423279,0.06051094830036163
-0.9599999785423279,0.06051094830036163
-0.9599999785423279,0.06051094830036163
-0.9599999785423279,0.06051094830036163
-0.9599999785423279,0.06051094830036163
-0.9599999785423279,0.06051094830036163
-0.9599999785423279,0.06051094830036163
-0.9599999785423279,0.06051094830036163
-0.9599999785423279,0.06051094830036163
-0.9599999785423279,0.06051094830036163
-0.9599999785423279,0.06051094830036163
-0.9599999785423279,0.06051094830036163
-0.9599999785423279,0.06051094830036163
-0.9599999785423279,0.06051094830036163
-0.9599999785423279,0.06051094830036163
-0.9599999785423279,0.06051094830036163
-0.9599999785423279,0.06051094830036163
-0.9599999785423279,0.06051094830036163
-0.9599999785423279,0.06051094830036163
-0.9599999785423279,0.06051094830036163
-0.9599999785423279,0.06051094830036163
-0.9599999785423279,0.06051094830036163
-0.9399999976158142,0.062160424888134
-0.9399999976158142,0.062160424888134
-0.9399999976158142,0.062160424888134
-0.9399999976158142,0.062160424888134
-0.9399999976158142,0.062160424888134
-0.9399999976158142,0.062160424888134
-0.9399999976158142,0.062160424888134
-0.9399999976158142,0.062160424888134
-0.9399999976158142,0.062160424888134
-0.9399999976158142,0.062160424888134
-0.9399999976158142,0.062160424888134
-0.9399999976158142,0.062160424888134
-0.9399999976158142,0.062160424888134
-0.9399999976158142,0.062160424888134
-0.9399999976158142,0.062160424888134
-0.9399999976158142,0.062160424888134
-0.9399999976158142,0.062160424888134
-0.9399999976158142,0.062160424888134
-0.9399999976158142,0.062160424888134
-0.9399999976158142,0.062160424888134
-0.9399999976158142,0.062160424888134
-0.9399999976158142,0.062160424888134
-0.9399999976158142,0.062160424888134
-0.9399999976158142,0.062160424888134
-0.9399999976158142,0.062160424888134
-0.9399999976158142,0.062160424888134
-0.9399999976158142,0.062160424888134
-0.9399999976158142,0.062160424888134
-0.9399999976158142,0.062160424888134
-0.9399999976158142,0.062160424888134
-0.9399999976158142,0.062160424888134
-0.9399999976158142,0.062160424888134
-0.9399999976158142,0.062160424888134
-0.9399999976158142,0.062160424888134
-0.9399999976158142,0.062160424888134
-0.9399999976158142,0.062160424888134
-0.9399999976158142,0.062160424888134
-0.9399999976158142,0.062160424888134
-0.9399999976158142,0.062160424888134
-0.9399999976158142,0.062160424888134
-0.9399999976158142,0.062160424888134
-0.9399999976158142,0.062160424888134
-0.9399999976158142,0.062160424888134
-0.9399999976158142,0.062160424888134
-0.9399999976158142,0.062160424888134
-0.9399999976158142,0.062160424888134
-0.9399999976158142,0.062160424888134
-0.9399999976158142,0.062160424888134
-0.9399999976158142,0.062160424888134
-0.9399999976158142,0.062160424888134
-0.9399999976158142,0.062160424888134
-0.9399999976158142,0.062160424888134
-0.9399999976158142,0.062160424888134
-0.9399999976158142,0.062160424888134
-0.9399999976158142,0.062160424888134
-0.9399999976158142,0.062160424888134
-0.9399999976158142,0.062160424888134
-0.9399999976158142,0.062160424888134
-0.9399999976158142,0.062160424888134
-0.9399999976158142,0.062160424888134
-0.9399999976158142,0.062160424888134
-0.9399999976158142,0.062160424888134
-0.9399999976158142,0.062160424888134
-0.9399999976158142,0.062160424888134
-0.9399999976158142,0.062160424888134
-0.9399999976158142,0.062160424888134
-0.9399999976158142,0.062160424888134
-0.9399999976158142,0.062160424888134
-0.9399999976158142,0.062160424888134
-0.9399999976158142,0.062160424888134
-0.9399999976158142,0.062160424888134
-0.9399999976158142,0.062160424888134
-0.9399999976158142,0.062160424888134
-0.9399999976158142,0.062160424888134
-0.9399999976158142,0.062160424888134
-0.9399999976158142,0.062160424888134
-0.9399999976158142,0.062160424888134
-0.9399999976158142,0.062160424888134
-0.9399999976158142,0.062160424888134
-0.9399999976158142,0.062160424888134
-0.9399999976158142,0.062160424888134
-0.9399999976158142,0.062160424888134
-0.9399999976158142,0.062160424888134
-0.9399999976158142,0.062160424888134
-0.9399999976158142,0.062160424888134
-0.9399999976158142,0.062160424888134
-0.9399999976158142,0.062160424888134
-0.9399999976158142,0.062160424888134
-0.9399999976158142,0.062160424888134
-0.9399999976158142,0.062160424888134
-0.9399999976158142,0.062160424888134
-0.9399999976158142,0.062160424888134
-0.9399999976158142,0.062160424888134
-0.9399999976158142,0.062160424888134
-0.9399999976158142,0.062160424888134
-0.9399999976158142,0.062160424888134
-0.9399999976158142,0.062160424888134
-0.9399999976158142,0.062160424888134
-0.9399999976158142,0.062160424888134
-0.9399999976158142,0.062160424888134
-0.9399999976158142,0.062160424888134
-0.9200000166893005,0.06381312012672424
-0.9200000166893005,0.06381312012672424
-0.9200000166893005,0.06381312012672424
-0.9200000166893005,0.06381312012672424
-0.9200000166893005,0.06381312012672424
-0.9200000166893005,0.06381312012672424
-0.9200000166893005,0.06381312012672424
-0.9200000166893005,0.06381312012672424
-0.9200000166893005,0.06381312012672424
-0.9200000166893005,0.06381312012672424
-0.9200000166893005,0.06381312012672424
-0.9200000166893005,0.06381312012672424
-0.9200000166893005,0.06381312012672424
-0.9200000166893005,0.06381312012672424
-0.9200000166893005,0.06381312012672424
-0.9200000166893005,0.06381312012672424
-0.9200000166893005,0.06381312012672424
-0.9200000166893005,0.06381312012672424
-0.9200000166893005,0.06381312012672424
-0.9200000166893005,0.06381312012672424
-0.9200000166893005,0.06381312012672424
-0.9200000166893005,0.06381312012672424
-0.9200000166893005,0.06381312012672424
-0.9200000166893005,0.06381312012672424
-0.9200000166893005,0.06381312012672424
-0.9200000166893005,0.06381312012672424
-0.9200000166893005,0.06381312012672424
-0.9200000166893005,0.06381312012672424
-0.9200000166893005,0.06381312012672424
-0.9200000166893005,0.06381312012672424
-0.9200000166893005,0.06381312012672424
-0.9200000166893005,0.06381312012672424
-0.9200000166893005,0.06381312012672424
-0.9200000166893005,0.06381312012672424
-0.9200000166893005,0.06381312012672424
-0.9200000166893005,0.06381312012672424
-0.9200000166893005,0.06381312012672424
-0.9200000166893005,0.06381312012672424
-0.9200000166893005,0.06381312012672424
-0.9200000166893005,0.06381312012672424
-0.9200000166893005,0.06381312012672424
-0.9200000166893005,0.06381312012672424
-0.9200000166893005,0.06381312012672424
-0.9200000166893005,0.06381312012672424
-0.9200000166893005,0.06381312012672424
-0.9200000166893005,0.06381312012672424
-0.9200000166893005,0.06381312012672424
-0.9200000166893005,0.06381312012672424
-0.9200000166893005,0.06381312012672424
-0.9200000166893005,0.06381312012672424
-0.9200000166893005,0.06381312012672424
-0.9200000166893005,0.06381312012672424
-0.9200000166893005,0.06381312012672424
-0.9200000166893005,0.06381312012672424
-0.9200000166893005,0.06381312012672424
-0.9200000166893005,0.06381312012672424
-0.9200000166893005,0.06381312012672424
-0.9200000166893005,0.06381312012672424
-0.9200000166893005,0.06381312012672424
-0.9200000166893005,0.06381312012672424
-0.9200000166893005,0.06381312012672424
-0.9200000166893005,0.06381312012672424
-0.9200000166893005,0.06381312012672424
-0.9200000166893005,0.06381312012672424
-0.9200000166893005,0.06381312012672424
-0.9200000166893005,0.06381312012672424
-0.9200000166893005,0.06381312012672424
-0.9200000166893005,0.06381312012672424
-0.9200000166893005,0.06381312012672424
-0.9200000166893005,0.06381312012672424
-0.9200000166893005,0.06381312012672424
-0.9200000166893005,0.06381312012672424
-0.9200000166893005,0.06381312012672424
-0.9200000166893005,0.06381312012672424
-0.9200000166893005,0.06381312012672424
-0.9200000166893005,0.06381312012672424
-0.9200000166893005,0.06381312012672424
-0.9200000166893005,0.06381312012672424
-0.9200000166893005,0.06381312012672424
-0.9200000166893005,0.06381312012672424
-0.9200000166893005,0.06381312012672424
-0.9200000166893005,0.06381312012672424
-0.9200000166893005,0.06381312012672424
-0.9200000166893005,0.06381312012672424
-0.9200000166893005,0.06381312012672424
-0.9200000166893005,0.06381312012672424
-0.9200000166893005,0.06381312012672424
-0.9200000166893005,0.06381312012672424
-0.9200000166893005,0.06381312012672424
-0.9200000166893005,0.06381312012672424
-0.9200000166893005,0.06381312012672424
-0.9200000166893005,0.06381312012672424
-0.9200000166893005,0.06381312012672424
-0.9200000166893005,0.06381312012672424
-0.9200000166893005,0.06381312012672424
-0.9200000166893005,0.06381312012672424
-0.9200000166893005,0.06381312012672424
-0.9200000166893005,0.06381312012672424
-0.9200000166893005,0.06381312012672424
-0.9200000166893005,0.06381312012672424
-0.9200000166893005,0.06381312012672424
-0.8999999761581421,0.06546890735626221
-0.8999999761581421,0.06546890735626221
-0.8999999761581421,0.06546890735626221
-0.8999999761581421,0.06546890735626221
-0.8999999761581421,0.06546890735626221
-0.8999999761581421,0.06546890735626221
-0.8999999761581421,0.06546890735626221
-0.8999999761581421,0.06546890735626221
-0.8999999761581421,0.06546890735626221
-0.8999999761581421,0.06546890735626221
-0.8999999761581421,0.06546890735626221
-0.8999999761581421,0.06546890735626221
-0.8999999761581421,0.06546890735626221
-0.8999999761581421,0.06546890735626221
-0.8999999761581421,0.06546890735626221
-0.8999999761581421,0.06546890735626221
-0.8999999761581421,0.06546890735626221
-0.8999999761581421,0.06546890735626221
-0.8999999761581421,0.06546890735626221
-0.8999999761581421,0.06546890735626221
-0.8999999761581421,0.06546890735626221
-0.8999999761581421,0.06546890735626221
-0.8999999761581421,0.06546890735626221
-0.8999999761581421,0.06546890735626221
-0.8999999761581421,0.06546890735626221
-0.8999999761581421,0.06546890735626221
-0.8999999761581421,0.06546890735626221
-0.8999999761581421,0.06546890735626221
-0.8999999761581421,0.06546890735626221
-0.8999999761581421,0.06546890735626221
-0.8999999761581421,0.06546890735626221
-0.8999999761581421,0.06546890735626221
-0.8999999761581421,0.06546890735626221
-0.8999999761581421,0.06546890735626221
-0.8999999761581421,0.06546890735626221
-0.8999999761581421,0.06546890735626221
-0.8999999761581421,0.06546890735626221
-0.8999999761581421,0.06546890735626221
-0.8999999761581421,0.06546890735626221
-0.8999999761581421,0.06546890735626221
-0.8999999761581421,0.06546890735626221
-0.8999999761581421,0.06546890735626221
-0.8999999761581421,0.06546890735626221
-0.8999999761581421,0.06546890735626221
-0.8999999761581421,0.06546890735626221
-0.8999999761581421,0.06546890735626221
-0.8999999761581421,0.06546890735626221
-0.8999999761581421,0.06546890735626221
-0.8999999761581421,0.06546890735626221
-0.8999999761581421,0.06546890735626221
-0.8999999761581421,0.06546890735626221
-0.8999999761581421,0.06546890735626221
-0.8999999761581421,0.06546890735626221
-0.8999999761581421,0.06546890735626221
-0.8999999761581421,0.06546890735626221
-0.8999999761581421,0.06546890735626221
-0.8999999761581421,0.06546890735626221
-0.8999999761581421,0.06546890735626221
-0.8999999761581421,0.06546890735626221
-0.8999999761581421,0.06546890735626221
-0.8999999761581421,0.06546890735626221
-0.8999999761581421,0.06546890735626221
-0.8999999761581421,0.06546890735626221
-0.8999999761581421,0.06546890735626221
-0.8999999761581421,0.06546890735626221
-0.8999999761581421,0.06546890735626221
-0.8999999761581421,0.06546890735626221
-0.8999999761581421,0.06546890735626221
-0.8999999761581421,0.06546890735626221
-0.8999999761581421,0.06546890735626221
-0.8999999761581421,0.06546890735626221
-0.8999999761581421,0.06546890735626221
-0.8999999761581421,0.06546890735626221
-0.8999999761581421,0.06546890735626221
-0.8999999761581421,0.06546890735626221
-0.8999999761581421,0.06546890735626221
-0.8999999761581421,0.06546890735626221
-0.8999999761581421,0.06546890735626221
-0.8999999761581421,0.06546890735626221
-0.8999999761581421,0.06546890735626221
-0.8999999761581421,0.06546890735626221
-0.8999999761581421,0.06546890735626221
-0.8999999761581421,0.06546890735626221
-0.8999999761581421,0.06546890735626221
-0.8999999761581421,0.06546890735626221
-0.8999999761581421,0.06546890735626221
-0.8999999761581421,0.06546890735626221
-0.8999999761581421,0.06546890735626221
-0.8999999761581421,0.06546890735626221
-0.8999999761581421,0.06546890735626221
-0.8999999761581421,0.06546890735626221
-0.8999999761581421,0.06546890735626221
-0.8999999761581421,0.06546890735626221
-0.8999999761581421,0.06546890735626221
-0.8999999761581421,0.06546890735626221
-0.8999999761581421,0.06546890735626221
-0.8999999761581421,0.06546890735626221
-0.8999999761581421,0.06546890735626221
-0.8999999761581421,0.06546890735626221
-0.8999999761581421,0.06546890735626221
-0.8999999761581421,0.06546890735626221
-0.8799999952316284,0.06712771207094193
-0.8799999952316284,0.06712771207094193
-0.8799999952316284,0.06712771207094193
-0.8799999952316284,0.06712771207094193
-0.8799999952316284,0.06712771207094193
-0.8799999952316284,0.06712771207094193
-0.8799999952316284,0.06712771207094193
-0.8799999952316284,0.06712771207094193
-0.8799999952316284,0.06712771207094193
-0.8799999952316284,0.06712771207094193
-0.8799999952316284,0.06712771207094193
-0.8799999952316284,0.06712771207094193
-0.8799999952316284,0.06712771207094193
-0.8799999952316284,0.06712771207094193
-0.8799999952316284,0.06712771207094193
-0.8799999952316284,0.06712771207094193
-0.8799999952316284,0.06712771207094193
-0.8799999952316284,0.06712771207094193
-0.8799999952316284,0.06712771207094193
-0.8799999952316284,0.06712771207094193
-0.8799999952316284,0.06712771207094193
-0.8799999952316284,0.06712771207094193
-0.8799999952316284,0.06712771207094193
-0.8799999952316284,0.06712771207094193
-0.8799999952316284,0.06712771207094193
-0.8799999952316284,0.06712771207094193
-0.8799999952316284,0.06712771207094193
-0.8799999952316284,0.06712771207094193
-0.8799999952316284,0.06712771207094193
-0.8799999952316284,0.06712771207094193
-0.8799999952316284,0.06712771207094193
-0.8799999952316284,0.06712771207094193
-0.8799999952316284,0.06712771207094193
-0.8799999952316284,0.06712771207094193
-0.8799999952316284,0.06712771207094193
-0.8799999952316284,0.06712771207094193
-0.8799999952316284,0.06712771207094193
-0.8799999952316284,0.06712771207094193
-0.8799999952316284,0.06712771207094193
-0.8799999952316284,0.06712771207094193
-0.8799999952316284,0.06712771207094193
-0.8799999952316284,0.06712771207094193
-0.8799999952316284,0.06712771207094193
-0.8799999952316284,0.06712771207094193
-0.8799999952316284,0.06712771207094193
-0.8799999952316284,0.06712771207094193
-0.8799999952316284,0.06712771207094193
-0.8799999952316284,0.06712771207094193
-0.8799999952316284,0.06712771207094193
-0.8799999952316284,0.06712771207094193
-0.8799999952316284,0.06712771207094193
-0.8799999952316284,0.06712771207094193
-0.8799999952316284,0.06712771207094193
-0.8799999952316284,0.06712771207094193
-0.8799999952316284,0.06712771207094193
-0.8799999952316284,0.06712771207094193
-0.8799999952316284,0.06712771207094193
-0.8799999952316284,0.06712771207094193
-0.8799999952316284,0.06712771207094193
-0.8799999952316284,0.06712771207094193
-0.8799999952316284,0.06712771207094193
-0.8799999952316284,0.06712771207094193
-0.8799999952316284,0.06712771207094193
-0.8799999952316284,0.06712771207094193
-0.8799999952316284,0.06712771207094193
-0.8799999952316284,0.06712771207094193
-0.8799999952316284,0.06712771207094193
-0.8799999952316284,0.06712771207094193
-0.8799999952316284,0.06712771207094193
-0.8799999952316284,0.06712771207094193
-0.8799999952316284,0.06712771207094193
-0.8799999952316284,0.06712771207094193
-0.8799999952316284,0.06712771207094193
-0.8799999952316284,0.06712771207094193
-0.8799999952316284,0.06712771207094193
-0.8799999952316284,0.06712771207094193
-0.8799999952316284,0.06712771207094193
-0.8799999952316284,0.06712771207094193
-0.8799999952316284,0.06712771207094193
-0.8799999952316284,0.06712771207094193
-0.8799999952316284,0.06712771207094193
-0.8799999952316284,0.06712771207094193
-0.8799999952316284,0.06712771207094193
-0.8799999952316284,0.06712771207094193
-0.8799999952316284,0.06712771207094193
-0.8799999952316284,0.06712771207094193
-0.8799999952316284,0.06712771207094193
-0.8799999952316284,0.06712771207094193
-0.8799999952316284,0.06712771207094193
-0.8799999952316284,0.06712771207094193
-0.8799999952316284,0.06712771207094193
-0.8799999952316284,0.06712771207094193
-0.8799999952316284,0.06712771207094193
-0.8799999952316284,0.06712771207094193
-0.8799999952316284,0.06712771207094193
-0.8799999952316284,0.06712771207094193
-0.8799999952316284,0.06712771207094193
-0.8799999952316284,0.06712771207094193
-0.8799999952316284,0.06712771207094193
-0.8799999952316284,0.06712771207094193
-0.8799999952316284,0.06712771207094193
-0.8600000143051147,0.06878945231437683
-0.8600000143051147,0.06878945231437683
-0.8600000143051147,0.06878945231437683
-0.8600000143051147,0.06878945231437683
-0.8600000143051147,0.06878945231437683
-0.8600000143051147,0.06878945231437683
-0.8600000143051147,0.06878945231437683
-0.8600000143051147,0.06878945231437683
-0.8600000143051147,0.06878945231437683
-0.8600000143051147,0.06878945231437683
-0.8600000143051147,0.06878945231437683
-0.8600000143051147,0.06878945231437683
-0.8600000143051147,0.06878945231437683
-0.8600000143051147,0.06878945231437683
-0.8600000143051147,0.06878945231437683
-0.8600000143051147,0.06878945231437683
-0.8600000143051147,0.06878945231437683
-0.8600000143051147,0.06878945231437683
-0.8600000143051147,0.06878945231437683
-0.8600000143051147,0.06878945231437683
-0.8600000143051147,0.06878945231437683
-0.8600000143051147,0.06878945231437683
-0.8600000143051147,0.06878945231437683
-0.8600000143051147,0.06878945231437683
-0.8600000143051147,0.06878945231437683
-0.8600000143051147,0.06878945231437683
-0.8600000143051147,0.06878945231437683
-0.8600000143051147,0.06878945231437683
-0.8600000143051147,0.06878945231437683
-0.8600000143051147,0.06878945231437683
-0.8600000143051147,0.06878945231437683
-0.8600000143051147,0.06878945231437683
-0.8600000143051147,0.06878945231437683
-0.8600000143051147,0.06878945231437683
-0.8600000143051147,0.06878945231437683
-0.8600000143051147,0.06878945231437683
-0.8600000143051147,0.06878945231437683
-0.8600000143051147,0.06878945231437683
-0.8600000143051147,0.06878945231437683
-0.8600000143051147,0.06878945231437683
-0.8600000143051147,0.06878945231437683
-0.8600000143051147,0.06878945231437683
-0.8600000143051147,0.06878945231437683
-0.8600000143051147,0.06878945231437683
-0.8600000143051147,0.06878945231437683
-0.8600000143051147,0.06878945231437683
-0.8600000143051147,0.06878945231437683
-0.8600000143051147,0.06878945231437683
-0.8600000143051147,0.06878945231437683
-0.8600000143051147,0.06878945231437683
-0.8600000143051147,0.06878945231437683
-0.8600000143051147,0.06878945231437683
-0.8600000143051147,0.06878945231437683
-0.8600000143051147,0.06878945231437683
-0.8600000143051147,0.06878945231437683
-0.8600000143051147,0.06878945231437683
-0.8600000143051147,0.06878945231437683
-0.8600000143051147,0.06878945231437683
-0.8600000143051147,0.06878945231437683
-0.8600000143051147,0.06878945231437683
-0.8600000143051147,0.06878945231437683
-0.8600000143051147,0.06878945231437683
-0.8600000143051147,0.06878945231437683
-0.8600000143051147,0.06878945231437683
-0.8600000143051147,0.06878945231437683
-0.8600000143051147,0.06878945231437683
-0.8600000143051147,0.06878945231437683
-0.8600000143051147,0.06878945231437683
-0.8600000143051147,0.06878945231437683
-0.8600000143051147,0.06878945231437683
-0.8600000143051147,0.06878945231437683
-0.8600000143051147,0.06878945231437683
-0.8600000143051147,0.06878945231437683
-0.8600000143051147,0.06878945231437683
-0.8600000143051147,0.06878945231437683
-0.8600000143051147,0.06878945231437683
-0.8600000143051147,0.06878945231437683
-0.8600000143051147,0.06878945231437683
-0.8600000143051147,0.06878945231437683
-0.8600000143051147,0.06878945231437683
-0.8600000143051147,0.06878945231437683
-0.8600000143051147,0.06878945231437683
-0.8600000143051147,0.06878945231437683
-0.8600000143051147,0.06878945231437683
-0.8600000143051147,0.06878945231437683
-0.8600000143051147,0.06878945231437683
-0.8600000143051147,0.06878945231437683
-0.8600000143051147,0.06878945231437683
-0.8600000143051147,0.06878945231437683
-0.8600000143051147,0.06878945231437683
-0.8600000143051147,0.06878945231437683
-0.8600000143051147,0.06878945231437683
-0.8600000143051147,0.06878945231437683
-0.8600000143051147,0.06878945231437683
-0.8600000143051147,0.06878945231437683
-0.8600000143051147,0.06878945231437683
-0.8600000143051147,0.06878945231437683
-0.8600000143051147,0.06878945231437683
-0.8600000143051147,0.06878945231437683
-0.8600000143051147,0.06878945231437683
-0.8600000143051147,0.06878945231437683
-0.8399999737739563,0.07045402377843857
-0.8399999737739563,0.07045402377843857
-0.8399999737739563,0.07045402377843857
-0.8399999737739563,0.07045402377843857
-0.8399999737739563,0.07045402377843857
-0.8399999737739563,0.07045402377843857
-0.8399999737739563,0.07045402377843857
-0.8399999737739563,0.07045402377843857
-0.8399999737739563,0.07045402377843857
-0.8399999737739563,0.07045402377843857
-0.8399999737739563,0.07045402377843857
-0.8399999737739563,0.07045402377843857
-0.8399999737739563,0.07045402377843857
-0.8399999737739563,0.07045402377843857
-0.8399999737739563,0.07045402377843857
-0.8399999737739563,0.07045402377843857
-0.8399999737739563,0.07045402377843857
-0.8399999737739563,0.07045402377843857
-0.8399999737739563,0.07045402377843857
-0.8399999737739563,0.07045402377843857
-0.8399999737739563,0.07045402377843857
-0.8399999737739563,0.07045402377843857
-0.8399999737739563,0.07045402377843857
-0.8399999737739563,0.07045402377843857
-0.8399999737739563,0.07045402377843857
-0.8399999737739563,0.07045402377843857
-0.8399999737739563,0.07045402377843857
-0.8399999737739563,0.07045402377843857
-0.8399999737739563,0.07045402377843857
-0.8399999737739563,0.07045402377843857
-0.8399999737739563,0.07045402377843857
-0.8399999737739563,0.07045402377843857
-0.8399999737739563,0.07045402377843857
-0.8399999737739563,0.07045402377843857
-0.8399999737739563,0.07045402377843857
-0.8399999737739563,0.07045402377843857
-0.8399999737739563,0.07045402377843857
-0.8399999737739563,0.07045402377843857
-0.8399999737739563,0.07045402377843857
-0.8399999737739563,0.07045402377843857
-0.8399999737739563,0.07045402377843857
-0.8399999737739563,0.07045402377843857
-0.8399999737739563,0.07045402377843857
-0.8399999737739563,0.07045402377843857
-0.8399999737739563,0.07045402377843857
-0.8399999737739563,0.07045402377843857
-0.8399999737739563,0.07045402377843857
-0.8399999737739563,0.07045402377843857
-0.8399999737739563,0.07045402377843857
-0.8399999737739563,0.07045402377843857
-0.8399999737739563,0.07045402377843857
-0.8399999737739563,0.07045402377843857
-0.8399999737739563,0.07045402377843857
-0.8399999737739563,0.07045402377843857
-0.8399999737739563,0.07045402377843857
-0.8399999737739563,0.07045402377843857
-0.8399999737739563,0.07045402377843857
-0.8399999737739563,0.07045402377843857
-0.8399999737739563,0.07045402377843857
-0.8399999737739563,0.07045402377843857
-0.8399999737739563,0.07045402377843857
-0.8399999737739563,0.07045402377843857
-0.8399999737739563,0.07045402377843857
-0.8399999737739563,0.07045402377843857
-0.8399999737739563,0.07045402377843857
-0.8399999737739563,0.07045402377843857
-0.8399999737739563,0.07045402377843857
-0.8399999737739563,0.07045402377843857
-0.8399999737739563,0.07045402377843857
-0.8399999737739563,0.07045402377843857
-0.8399999737739563,0.07045402377843857
-0.8399999737739563,0.07045402377843857
-0.8399999737739563,0.07045402377843857
-0.8399999737739563,0.07045402377843857
-0.8399999737739563,0.07045402377843857
-0.8399999737739563,0.07045402377843857
-0.8399999737739563,0.07045402377843857
-0.8399999737739563,0.07045402377843857
-0.8399999737739563,0.07045402377843857
-0.8399999737739563,0.07045402377843857
-0.8399999737739563,0.07045402377843857
-0.8399999737739563,0.07045402377843857
-0.8399999737739563,0.07045402377843857
-0.8399999737739563,0.07045402377843857
-0.8399999737739563,0.07045402377843857
-0.8399999737739563,0.07045402377843857
-0.8399999737739563,0.07045402377843857
-0.8399999737739563,0.07045402377843857
-0.8399999737739563,0.07045402377843857
-0.8399999737739563,0.07045402377843857
-0.8399999737739563,0.07045402377843857
-0.8399999737739563,0.07045402377843857
-0.8399999737739563,0.07045402377843857
-0.8399999737739563,0.07045402377843857
-0.8399999737739563,0.07045402377843857
-0.8399999737739563,0.07045402377843857
-0.8399999737739563,0.07045402377843857
-0.8399999737739563,0.07045402377843857
-0.8399999737739563,0.07045402377843857
-0.8399999737739563,0.07045402377843857
-0.8399999737739563,0.07045402377843857
-0.8199999928474426,0.07212133705615997
-0.8199999928474426,0.07212133705615997
-0.8199999928474426,0.07212133705615997
-0.8199999928474426,0.07212133705615997
-0.8199999928474426,0.07212133705615997
-0.8199999928474426,0.07212133705615997
-0.8199999928474426,0.07212133705615997
-0.8199999928474426,0.07212133705615997
-0.8199999928474426,0.07212133705615997
-0.8199999928474426,0.07212133705615997
-0.8199999928474426,0.07212133705615997
-0.8199999928474426,0.07212133705615997
-0.8199999928474426,0.07212133705615997
-0.8199999928474426,0.07212133705615997
-0.8199999928474426,0.07212133705615997
-0.8199999928474426,0.07212133705615997
-0.8199999928474426,0.07212133705615997
-0.8199999928474426,0.07212133705615997
-0.8199999928474426,0.07212133705615997
-0.8199999928474426,0.07212133705615997
-0.8199999928474426,0.07212133705615997
-0.8199999928474426,0.07212133705615997
-0.8199999928474426,0.07212133705615997
-0.8199999928474426,0.07212133705615997
-0.8199999928474426,0.07212133705615997
-0.8199999928474426,0.07212133705615997
-0.8199999928474426,0.07212133705615997
-0.8199999928474426,0.07212133705615997
-0.8199999928474426,0.07212133705615997
-0.8199999928474426,0.07212133705615997
-0.8199999928474426,0.07212133705615997
-0.8199999928474426,0.07212133705615997
-0.8199999928474426,0.07212133705615997
-0.8199999928474426,0.07212133705615997
-0.8199999928474426,0.07212133705615997
-0.8199999928474426,0.07212133705615997
-0.8199999928474426,0.07212133705615997
-0.8199999928474426,0.07212133705615997
-0.8199999928474426,0.07212133705615997
-0.8199999928474426,0.07212133705615997
-0.8199999928474426,0.07212133705615997
-0.8199999928474426,0.07212133705615997
-0.8199999928474426,0.07212133705615997
-0.8199999928474426,0.07212133705615997
-0.8199999928474426,0.07212133705615997
-0.8199999928474426,0.07212133705615997
-0.8199999928474426,0.07212133705615997
-0.8199999928474426,0.07212133705615997
-0.8199999928474426,0.07212133705615997
-0.8199999928474426,0.07212133705615997
-0.8199999928474426,0.07212133705615997
-0.8199999928474426,0.07212133705615997
-0.8199999928474426,0.07212133705615997
-0.8199999928474426,0.07212133705615997
-0.8199999928474426,0.07212133705615997
-0.8199999928474426,0.07212133705615997
-0.8199999928474426,0.07212133705615997
-0.8199999928474426,0.07212133705615997
-0.8199999928474426,0.07212133705615997
-0.8199999928474426,0.07212133705615997
-0.8199999928474426,0.07212133705615997
-0.8199999928474426,0.07212133705615997
-0.8199999928474426,0.07212133705615997
-0.8199999928474426,0.07212133705615997
-0.8199999928474426,0.07212133705615997
-0.8199999928474426,0.07212133705615997
-0.8199999928474426,0.07212133705615997
-0.8199999928474426,0.07212133705615997
-0.8199999928474426,0.07212133705615997
-0.8199999928474426,0.07212133705615997
-0.8199999928474426,0.07212133705615997
-0.8199999928474426,0.07212133705615997
-0.8199999928474426,0.07212133705615997
-0.8199999928474426,0.07212133705615997
-0.8199999928474426,0.07212133705615997
-0.8199999928474426,0.07212133705615997
-0.8199999928474426,0.07212133705615997
-0.8199999928474426,0.07212133705615997
-0.8199999928474426,0.07212133705615997
-0.8199999928474426,0.07212133705615997
-0.8199999928474426,0.07212133705615997
-0.8199999928474426,0.07212133705615997
-0.8199999928474426,0.07212133705615997
-0.8199999928474426,0.07212133705615997
-0.8199999928474426,0.07212133705615997
-0.8199999928474426,0.07212133705615997
-0.8199999928474426,0.07212133705615997
-0.8199999928474426,0.07212133705615997
-0.8199999928474426,0.07212133705615997
-0.8199999928474426,0.07212133705615997
-0.8199999928474426,0.07212133705615997
-0.8199999928474426,0.07212133705615997
-0.8199999928474426,0.07212133705615997
-0.8199999928474426,0.07212133705615997
-0.8199999928474426,0.07212133705615997
-0.8199999928474426,0.07212133705615997
-0.8199999928474426,0.07212133705615997
-0.8199999928474426,0.07212133705615997
-0.8199999928474426,0.07212133705615997
-0.8199999928474426,0.07212133705615997
-0.8199999928474426,0.07212133705615997
-0.800000011920929,0.07379128038883209
-0.800000011920929,0.07379128038883209
-0.800000011920929,0.07379128038883209
-0.800000011920929,0.07379128038883209
-0.800000011920929,0.07379128038883209
-0.800000011920929,0.07379128038883209
-0.800000011920929,0.07379128038883209
-0.800000011920929,0.07379128038883209
-0.800000011920929,0.07379128038883209
-0.800000011920929,0.07379128038883209
-0.800000011920929,0.07379128038883209
-0.800000011920929,0.07379128038883209
-0.800000011920929,0.07379128038883209
-0.800000011920929,0.07379128038883209
-0.800000011920929,0.07379128038883209
-0.800000011920929,0.07379128038883209
-0.800000011920929,0.07379128038883209
-0.800000011920929,0.07379128038883209
-0.800000011920929,0.07379128038883209
-0.800000011920929,0.07379128038883209
-0.800000011920929,0.07379128038883209
-0.800000011920929,0.07379128038883209
-0.800000011920929,0.07379128038883209
-0.800000011920929,0.07379128038883209
-0.800000011920929,0.07379128038883209
-0.800000011920929,0.07379128038883209
-0.800000011920929,0.07379128038883209
-0.800000011920929,0.07379128038883209
-0.800000011920929,0.07379128038883209
-0.800000011920929,0.07379128038883209
-0.800000011920929,0.07379128038883209
-0.800000011920929,0.07379128038883209
-0.800000011920929,0.07379128038883209
-0.800000011920929,0.07379128038883209
-0.800000011920929,0.07379128038883209
-0.800000011920929,0.07379128038883209
-0.800000011920929,0.07379128038883209
-0.800000011920929,0.07379128038883209
-0.800000011920929,0.07379128038883209
-0.800000011920929,0.07379128038883209
-0.800000011920929,0.07379128038883209
-0.800000011920929,0.07379128038883209
-0.800000011920929,0.07379128038883209
-0.800000011920929,0.07379128038883209
-0.800000011920929,0.07379128038883209
-0.800000011920929,0.07379128038883209
-0.800000011920929,0.07379128038883209
-0.800000011920929,0.07379128038883209
-0.800000011920929,0.07379128038883209
-0.800000011920929,0.07379128038883209
-0.800000011920929,0.07379128038883209
-0.800000011920929,0.07379128038883209
-0.800000011920929,0.07379128038883209
-0.800000011920929,0.07379128038883209
-0.800000011920929,0.07379128038883209
-0.800000011920929,0.07379128038883209
-0.800000011920929,0.07379128038883209
-0.800000011920929,0.07379128038883209
-0.800000011920929,0.07379128038883209
-0.800000011920929,0.07379128038883209
-0.800000011920929,0.07379128038883209
-0.800000011920929,0.07379128038883209
-0.800000011920929,0.07379128038883209
-0.800000011920929,0.07379128038883209
-0.800000011920929,0.07379128038883209
-0.800000011920929,0.07379128038883209
-0.800000011920929,0.07379128038883209
-0.800000011920929,0.07379128038883209
-0.800000011920929,0.07379128038883209
-0.800000011920929,0.07379128038883209
-0.800000011920929,0.07379128038883209
-0.800000011920929,0.07379128038883209
-0.800000011920929,0.07379128038883209
-0.800000011920929,0.07379128038883209
-0.800000011920929,0.07379128038883209
-0.800000011920929,0.07379128038883209
-0.800000011920929,0.07379128038883209
-0.800000011920929,0.07379128038883209
-0.800000011920929,0.07379128038883209
-0.800000011920929,0.07379128038883209
-0.800000011920929,0.07379128038883209
-0.800000011920929,0.07379128038883209
-0.800000011920929,0.07379128038883209
-0.800000011920929,0.07379128038883209
-0.800000011920929,0.07379128038883209
-0.800000011920929,0.07379128038883209
-0.800000011920929,0.07379128038883209
-0.800000011920929,0.07379128038883209
-0.800000011920929,0.07379128038883209
-0.800000011920929,0.07379128038883209
-0.800000011920929,0.07379128038883209
-0.800000011920929,0.07379128038883209
-0.800000011920929,0.07379128038883209
-0.800000011920929,0.07379128038883209
-0.800000011920929,0.07379128038883209
-0.800000011920929,0.07379128038883209
-0.800000011920929,0.07379128038883209
-0.800000011920929,0.07379128038883209
-0.800000011920929,0.07379128038883209
-0.800000011920929,0.07379128038883209
-0.800000011920929,0.07379128038883209
-0.7799999713897705,0.07546372711658478
-0.7799999713897705,0.07546372711658478
-0.7799999713897705,0.07546372711658478
-0.7799999713897705,0.07546372711658478
-0.7799999713897705,0.07546372711658478
-0.7799999713897705,0.07546372711658478
-0.7799999713897705,0.07546372711658478
-0.7799999713897705,0.07546372711658478
-0.7799999713897705,0.07546372711658478
-0.7799999713897705,0.07546372711658478
-0.7799999713897705,0.07546372711658478
-0.7799999713897705,0.07546372711658478
-0.7799999713897705,0.07546372711658478
-0.7799999713897705,0.07546372711658478
-0.7799999713897705,0.07546372711658478
-0.7799999713897705,0.07546372711658478
-0.7799999713897705,0.07546372711658478
-0.7799999713897705,0.07546372711658478
-0.7799999713897705,0.07546372711658478
-0.7799999713897705,0.07546372711658478
-0.7799999713897705,0.07546372711658478
-0.7799999713897705,0.07546372711658478
-0.7799999713897705,0.07546372711658478
-0.7799999713897705,0.07546372711658478
-0.7799999713897705,0.07546372711658478
-0.7799999713897705,0.07546372711658478
-0.7799999713897705,0.07546372711658478
-0.7799999713897705,0.07546372711658478
-0.7799999713897705,0.07546372711658478
-0.7799999713897705,0.07546372711658478
-0.7799999713897705,0.07546372711658478
-0.7799999713897705,0.07546372711658478
-0.7799999713897705,0.07546372711658478
-0.7799999713897705,0.07546372711658478
-0.7799999713897705,0.07546372711658478
-0.7799999713897705,0.07546372711658478
-0.7799999713897705,0.07546372711658478
-0.7799999713897705,0.07546372711658478
-0.7799999713897705,0.07546372711658478
-0.7799999713897705,0.07546372711658478
-0.7799999713897705,0.07546372711658478
-0.7799999713897705,0.07546372711658478
-0.7799999713897705,0.07546372711658478
-0.7799999713897705,0.07546372711658478
-0.7799999713897705,0.07546372711658478
-0.7799999713897705,0.07546372711658478
-0.7799999713897705,0.07546372711658478
-0.7799999713897705,0.07546372711658478
-0.7799999713897705,0.07546372711658478
-0.7799999713897705,0.07546372711658478
-0.7799999713897705,0.07546372711658478
-0.7799999713897705,0.07546372711658478
-0.7799999713897705,0.07546372711658478
-0.7799999713897705,0.07546372711658478
-0.7799999713897705,0.07546372711658478
-0.7799999713897705,0.07546372711658478
-0.7799999713897705,0.07546372711658478
-0.7799999713897705,0.07546372711658478
-0.7799999713897705,0.07546372711658478
-0.7799999713897705,0.07546372711658478
-0.7799999713897705,0.07546372711658478
-0.7799999713897705,0.07546372711658478
-0.7799999713897705,0.07546372711658478
-0.7799999713897705,0.07546372711658478
-0.7799999713897705,0.07546372711658478
-0.7799999713897705,0.07546372711658478
-0.7799999713897705,0.07546372711658478
-0.7799999713897705,0.07546372711658478
-0.7799999713897705,0.07546372711658478
-0.7799999713897705,0.07546372711658478
-0.7799999713897705,0.07546372711658478
-0.7799999713897705,0.07546372711658478
-0.7799999713897705,0.07546372711658478
-0.7799999713897705,0.07546372711658478
-0.7799999713897705,0.07546372711658478
-0.7799999713897705,0.07546372711658478
-0.7799999713897705,0.07546372711658478
-0.7799999713897705,0.07546372711658478
-0.7799999713897705,0.07546372711658478
-0.7799999713897705,0.07546372711658478
-0.7799999713897705,0.07546372711658478
-0.7799999713897705,0.07546372711658478
-0.7799999713897705,0.07546372711658478
-0.7799999713897705,0.07546372711658478
-0.7799999713897705,0.07546372711658478
-0.7799999713897705,0.07546372711658478
-0.7799999713897705,0.07546372711658478
-0.7799999713897705,0.07546372711658478
-0.7799999713897705,0.07546372711658478
-0.7799999713897705,0.07546372711658478
-0.7799999713897705,0.07546372711658478
-0.7799999713897705,0.07546372711658478
-0.7799999713897705,0.07546372711658478
-0.7799999713897705,0.07546372711658478
-0.7799999713897705,0.07546372711658478
-0.7799999713897705,0.07546372711658478
-0.7799999713897705,0.07546372711658478
-0.7799999713897705,0.07546372711658478
-0.7799999713897705,0.07546372711658478
-0.7799999713897705,0.07546372711658478
-0.7799999713897705,0.07546372711658478
-0.7599999904632568,0.07713861763477325
-0.7599999904632568,0.07713861763477325
-0.7599999904632568,0.07713861763477325
-0.7599999904632568,0.07713861763477325
-0.7599999904632568,0.07713861763477325
-0.7599999904632568,0.07713861763477325
-0.7599999904632568,0.07713861763477325
-0.7599999904632568,0.07713861763477325
-0.7599999904632568,0.07713861763477325
-0.7599999904632568,0.07713861763477325
-0.7599999904632568,0.07713861763477325
-0.7599999904632568,0.07713861763477325
-0.7599999904632568,0.07713861763477325
-0.7599999904632568,0.07713861763477325
-0.7599999904632568,0.07713861763477325
-0.7599999904632568,0.07713861763477325
-0.7599999904632568,0.07713861763477325
-0.7599999904632568,0.07713861763477325
-0.7599999904632568,0.07713861763477325
-0.7599999904632568,0.07713861763477325
-0.7599999904632568,0.07713861763477325
-0.7599999904632568,0.07713861763477325
-0.7599999904632568,0.07713861763477325
-0.7599999904632568,0.07713861763477325
-0.7599999904632568,0.07713861763477325
-0.7599999904632568,0.07713861763477325
-0.7599999904632568,0.07713861763477325
-0.7599999904632568,0.07713861763477325
-0.7599999904632568,0.07713861763477325
-0.7599999904632568,0.07713861763477325
-0.7599999904632568,0.07713861763477325
-0.7599999904632568,0.07713861763477325
-0.7599999904632568,0.07713861763477325
-0.7599999904632568,0.07713861763477325
-0.7599999904632568,0.07713861763477325
-0.7599999904632568,0.07713861763477325
-0.7599999904632568,0.07713861763477325
-0.7599999904632568,0.07713861763477325
-0.7599999904632568,0.07713861763477325
-0.7599999904632568,0.07713861763477325
-0.7599999904632568,0.07713861763477325
-0.7599999904632568,0.07713861763477325
-0.7599999904632568,0.07713861763477325
-0.7599999904632568,0.07713861763477325
-0.7599999904632568,0.07713861763477325
-0.7599999904632568,0.07713861763477325
-0.7599999904632568,0.07713861763477325
-0.7599999904632568,0.07713861763477325
-0.7599999904632568,0.07713861763477325
-0.7599999904632568,0.07713861763477325
-0.7599999904632568,0.07713861763477325
-0.7599999904632568,0.07713861763477325
-0.7599999904632568,0.07713861763477325
-0.7599999904632568,0.07713861763477325
-0.7599999904632568,0.07713861763477325
-0.7599999904632568,0.07713861763477325
-0.7599999904632568,0.07713861763477325
-0.7599999904632568,0.07713861763477325
-0.7599999904632568,0.07713861763477325
-0.7599999904632568,0.07713861763477325
-0.7599999904632568,0.07713861763477325
-0.7599999904632568,0.07713861763477325
-0.7599999904632568,0.07713861763477325
-0.7599999904632568,0.07713861763477325
-0.7599999904632568,0.07713861763477325
-0.7599999904632568,0.07713861763477325
-0.7599999904632568,0.07713861763477325
-0.7599999904632568,0.07713861763477325
-0.7599999904632568,0.07713861763477325
-0.7599999904632568,0.07713861763477325
-0.7599999904632568,0.07713861763477325
-0.7599999904632568,0.07713861763477325
-0.7599999904632568,0.07713861763477325
-0.7599999904632568,0.07713861763477325
-0.7599999904632568,0.07713861763477325
-0.7599999904632568,0.07713861763477325
-0.7599999904632568,0.07713861763477325
-0.7599999904632568,0.07713861763477325
-0.7599999904632568,0.07713861763477325
-0.7599999904632568,0.07713861763477325
-0.7599999904632568,0.07713861763477325
-0.7599999904632568,0.07713861763477325
-0.7599999904632568,0.07713861763477325
-0.7599999904632568,0.07713861763477325
-0.7599999904632568,0.07713861763477325
-0.7599999904632568,0.07713861763477325
-0.7599999904632568,0.07713861763477325
-0.7599999904632568,0.07713861763477325
-0.7599999904632568,0.07713861763477325
-0.7599999904632568,0.07713861763477325
-0.7599999904632568,0.07713861763477325
-0.7599999904632568,0.07713861763477325
-0.7599999904632568,0.07713861763477325
-0.7599999904632568,0.07713861763477325
-0.7599999904632568,0.07713861763477325
-0.7599999904632568,0.07713861763477325
-0.7599999904632568,0.07713861763477325
-0.7599999904632568,0.07713861763477325
-0.7599999904632568,0.07713861763477325
-0.7599999904632568,0.07713861763477325
-0.7599999904632568,0.07713861763477325
-0.7400000095367432,0.07881580293178558
-0.7400000095367432,0.07881580293178558
-0.7400000095367432,0.07881580293178558
-0.7400000095367432,0.07881580293178558
-0.7400000095367432,0.07881580293178558
-0.7400000095367432,0.07881580293178558
-0.7400000095367432,0.07881580293178558
-0.7400000095367432,0.07881580293178558
-0.7400000095367432,0.07881580293178558
-0.7400000095367432,0.07881580293178558
-0.7400000095367432,0.07881580293178558
-0.7400000095367432,0.07881580293178558
-0.7400000095367432,0.07881580293178558
-0.7400000095367432,0.07881580293178558
-0.7400000095367432,0.07881580293178558
-0.7400000095367432,0.07881580293178558
-0.7400000095367432,0.07881580293178558
-0.7400000095367432,0.07881580293178558
-0.7400000095367432,0.07881580293178558
-0.7400000095367432,0.07881580293178558
-0.7400000095367432,0.07881580293178558
-0.7400000095367432,0.07881580293178558
-0.7400000095367432,0.07881580293178558
-0.7400000095367432,0.07881580293178558
-0.7400000095367432,0.07881580293178558
-0.7400000095367432,0.07881580293178558
-0.7400000095367432,0.07881580293178558
-0.7400000095367432,0.07881580293178558
-0.7400000095367432,0.07881580293178558
-0.7400000095367432,0.07881580293178558
-0.7400000095367432,0.07881580293178558
-0.7400000095367432,0.07881580293178558
-0.7400000095367432,0.07881580293178558
-0.7400000095367432,0.07881580293178558
-0.7400000095367432,0.07881580293178558
-0.7400000095367432,0.07881580293178558
-0.7400000095367432,0.07881580293178558
-0.7400000095367432,0.07881580293178558
-0.7400000095367432,0.07881580293178558
-0.7400000095367432,0.07881580293178558
-0.7400000095367432,0.07881580293178558
-0.7400000095367432,0.07881580293178558
-0.7400000095367432,0.07881580293178558
-0.7400000095367432,0.07881580293178558
-0.7400000095367432,0.07881580293178558
-0.7400000095367432,0.07881580293178558
-0.7400000095367432,0.07881580293178558
-0.7400000095367432,0.07881580293178558
-0.7400000095367432,0.07881580293178558
-0.7400000095367432,0.07881580293178558
-0.7400000095367432,0.07881580293178558
-0.7400000095367432,0.07881580293178558
-0.7400000095367432,0.07881580293178558
-0.7400000095367432,0.07881580293178558
-0.7400000095367432,0.07881580293178558
-0.7400000095367432,0.07881580293178558
-0.7400000095367432,0.07881580293178558
-0.7400000095367432,0.07881580293178558
-0.7400000095367432,0.07881580293178558
-0.7400000095367432,0.07881580293178558
-0.7400000095367432,0.07881580293178558
-0.7400000095367432,0.07881580293178558
-0.7400000095367432,0.07881580293178558
-0.7400000095367432,0.07881580293178558
-0.7400000095367432,0.07881580293178558
-0.7400000095367432,0.07881580293178558
-0.7400000095367432,0.07881580293178558
-0.7400000095367432,0.07881580293178558
-0.7400000095367432,0.07881580293178558
-0.7400000095367432,0.07881580293178558
-0.7400000095367432,0.07881580293178558
-0.7400000095367432,0.07881580293178558
-0.7400000095367432,0.07881580293178558
-0.7400000095367432,0.07881580293178558
-0.7400000095367432,0.07881580293178558
-0.7400000095367432,0.07881580293178558
-0.7400000095367432,0.07881580293178558
-0.7400000095367432,0.07881580293178558
-0.7400000095367432,0.07881580293178558
-0.7400000095367432,0.07881580293178558
-0.7400000095367432,0.07881580293178558
-0.7400000095367432,0.07881580293178558
-0.7400000095367432,0.07881580293178558
-0.7400000095367432,0.07881580293178558
-0.7400000095367432,0.07881580293178558
-0.7400000095367432,0.07881580293178558
-0.7400000095367432,0.07881580293178558
-0.7400000095367432,0.07881580293178558
-0.7400000095367432,0.07881580293178558
-0.7400000095367432,0.07881580293178558
-0.7400000095367432,0.07881580293178558
-0.7400000095367432,0.07881580293178558
-0.7400000095367432,0.07881580293178558
-0.7400000095367432,0.07881580293178558
-0.7400000095367432,0.07881580293178558
-0.7400000095367432,0.07881580293178558
-0.7400000095367432,0.07881580293178558
-0.7400000095367432,0.07881580293178558
-0.7400000095367432,0.07881580293178558
-0.7400000095367432,0.07881580293178558
-0.7400000095367432,0.07881580293178558
-0.7200000286102295,0.08049516379833221
-0.7200000286102295,0.08049516379833221
-0.7200000286102295,0.08049516379833221
-0.7200000286102295,0.08049516379833221
-0.7200000286102295,0.08049516379833221
-0.7200000286102295,0.08049516379833221
-0.7200000286102295,0.08049516379833221
-0.7200000286102295,0.08049516379833221
-0.7200000286102295,0.08049516379833221
-0.7200000286102295,0.08049516379833221
-0.7200000286102295,0.08049516379833221
-0.7200000286102295,0.08049516379833221
-0.7200000286102295,0.08049516379833221
-0.7200000286102295,0.08049516379833221
-0.7200000286102295,0.08049516379833221
-0.7200000286102295,0.08049516379833221
-0.7200000286102295,0.08049516379833221
-0.7200000286102295,0.08049516379833221
-0.7200000286102295,0.08049516379833221
-0.7200000286102295,0.08049516379833221
-0.7200000286102295,0.08049516379833221
-0.7200000286102295,0.08049516379833221
-0.7200000286102295,0.08049516379833221
-0.7200000286102295,0.08049516379833221
-0.7200000286102295,0.08049516379833221
-0.7200000286102295,0.08049516379833221
-0.7200000286102295,0.08049516379833221
-0.7200000286102295,0.08049516379833221
-0.7200000286102295,0.08049516379833221
-0.7200000286102295,0.08049516379833221
-0.7200000286102295,0.08049516379833221
-0.7200000286102295,0.08049516379833221
-0.7200000286102295,0.08049516379833221
-0.7200000286102295,0.08049516379833221
-0.7200000286102295,0.08049516379833221
-0.7200000286102295,0.08049516379833221
-0.7200000286102295,0.08049516379833221
-0.7200000286102295,0.08049516379833221
-0.7200000286102295,0.08049516379833221
-0.7200000286102295,0.08049516379833221
-0.7200000286102295,0.08049516379833221
-0.7200000286102295,0.08049516379833221
-0.7200000286102295,0.08049516379833221
-0.7200000286102295,0.08049516379833221
-0.7200000286102295,0.08049516379833221
-0.7200000286102295,0.08049516379833221
-0.7200000286102295,0.08049516379833221
-0.7200000286102295,0.08049516379833221
-0.7200000286102295,0.08049516379833221
-0.7200000286102295,0.08049516379833221
-0.7200000286102295,0.08049516379833221
-0.7200000286102295,0.08049516379833221
-0.7200000286102295,0.08049516379833221
-0.7200000286102295,0.08049516379833221
-0.7200000286102295,0.08049516379833221
-0.7200000286102295,0.08049516379833221
-0.7200000286102295,0.08049516379833221
-0.7200000286102295,0.08049516379833221
-0.7200000286102295,0.08049516379833221
-0.7200000286102295,0.08049516379833221
-0.7200000286102295,0.08049516379833221
-0.7200000286102295,0.08049516379833221
-0.7200000286102295,0.08049516379833221
-0.7200000286102295,0.08049516379833221
-0.7200000286102295,0.08049516379833221
-0.7200000286102295,0.08049516379833221
-0.7200000286102295,0.08049516379833221
-0.7200000286102295,0.08049516379833221
-0.7200000286102295,0.08049516379833221
-0.7200000286102295,0.08049516379833221
-0.7200000286102295,0.08049516379833221
-0.7200000286102295,0.08049516379833221
-0.7200000286102295,0.08049516379833221
-0.7200000286102295,0.08049516379833221
-0.7200000286102295,0.08049516379833221
-0.7200000286102295,0.08049516379833221
-0.7200000286102295,0.08049516379833221
-0.7200000286102295,0.08049516379833221
-0.7200000286102295,0.08049516379833221
-0.7200000286102295,0.08049516379833221
-0.7200000286102295,0.08049516379833221
-0.7200000286102295,0.08049516379833221
-0.7200000286102295,0.08049516379833221
-0.7200000286102295,0.08049516379833221
-0.7200000286102295,0.08049516379833221
-0.7200000286102295,0.08049516379833221
-0.7200000286102295,0.08049516379833221
-0.7200000286102295,0.08049516379833221
-0.7200000286102295,0.08049516379833221
-0.7200000286102295,0.08049516379833221
-0.7200000286102295,0.08049516379833221
-0.7200000286102295,0.08049516379833221
-0.7200000286102295,0.08049516379833221
-0.7200000286102295,0.08049516379833221
-0.7200000286102295,0.08049516379833221
-0.7200000286102295,0.08049516379833221
-0.7200000286102295,0.08049516379833221
-0.7200000286102295,0.08049516379833221
-0.7200000286102295,0.08049516379833221
-0.7200000286102295,0.08049516379833221
-0.7200000286102295,0.08049516379833221
-0.699999988079071,0.082176573574543
-0.699999988079071,0.082176573574543
-0.699999988079071,0.082176573574543
-0.699999988079071,0.082176573574543
-0.699999988079071,0.082176573574543
-0.699999988079071,0.082176573574543
-0.699999988079071,0.082176573574543
-0.699999988079071,0.082176573574543
-0.699999988079071,0.082176573574543
-0.699999988079071,0.082176573574543
-0.699999988079071,0.082176573574543
-0.699999988079071,0.082176573574543
-0.699999988079071,0.082176573574543
-0.699999988079071,0.082176573574543
-0.699999988079071,0.082176573574543
-0.699999988079071,0.082176573574543
-0.699999988079071,0.082176573574543
-0.699999988079071,0.082176573574543
-0.699999988079071,0.082176573574543
-0.699999988079071,0.082176573574543
-0.699999988079071,0.082176573574543
-0.699999988079071,0.082176573574543
-0.699999988079071,0.082176573574543
-0.699999988079071,0.082176573574543
-0.699999988079071,0.082176573574543
-0.699999988079071,0.082176573574543
-0.699999988079071,0.082176573574543
-0.699999988079071,0.082176573574543
-0.699999988079071,0.082176573574543
-0.699999988079071,0.082176573574543
-0.699999988079071,0.082176573574543
-0.699999988079071,0.082176573574543
-0.699999988079071,0.082176573574543
-0.699999988079071,0.082176573574543
-0.699999988079071,0.082176573574543
-0.699999988079071,0.082176573574543
-0.699999988079071,0.082176573574543
-0.699999988079071,0.082176573574543
-0.699999988079071,0.082176573574543
-0.699999988079071,0.082176573574543
-0.699999988079071,0.082176573574543
-0.699999988079071,0.082176573574543
-0.699999988079071,0.082176573574543
-0.699999988079071,0.082176573574543
-0.699999988079071,0.082176573574543
-0.699999988079071,0.082176573574543
-0.699999988079071,0.082176573574543
-0.699999988079071,0.082176573574543
-0.699999988079071,0.082176573574543
-0.699999988079071,0.082176573574543
-0.699999988079071,0.082176573574543
-0.699999988079071,0.082176573574543
-0.699999988079071,0.082176573574543
-0.699999988079071,0.082176573574543
-0.699999988079071,0.082176573574543
-0.699999988079071,0.082176573574543
-0.699999988079071,0.082176573574543
-0.699999988079071,0.082176573574543
-0.699999988079071,0.082176573574543
-0.699999988079071,0.082176573574543
-0.699999988079071,0.082176573574543
-0.699999988079071,0.082176573574543
-0.699999988079071,0.082176573574543
-0.699999988079071,0.082176573574543
-0.699999988079071,0.082176573574543
-0.699999988079071,0.082176573574543
-0.699999988079071,0.082176573574543
-0.699999988079071,0.082176573574543
-0.699999988079071,0.082176573574543
-0.699999988079071,0.082176573574543
-0.699999988079071,0.082176573574543
-0.699999988079071,0.082176573574543
-0.699999988079071,0.082176573574543
-0.699999988079071,0.082176573574543
-0.699999988079071,0.082176573574543
-0.699999988079071,0.082176573574543
-0.699999988079071,0.082176573574543
-0.699999988079071,0.082176573574543
-0.699999988079071,0.082176573574543
-0.699999988079071,0.082176573574543
-0.699999988079071,0.082176573574543
-0.699999988079071,0.082176573574543
-0.699999988079071,0.082176573574543
-0.699999988079071,0.082176573574543
-0.699999988079071,0.082176573574543
-0.699999988079071,0.082176573574543
-0.699999988079071,0.082176573574543
-0.699999988079071,0.082176573574543
-0.699999988079071,0.082176573574543
-0.699999988079071,0.082176573574543
-0.699999988079071,0.082176573574543
-0.699999988079071,0.082176573574543
-0.699999988079071,0.082176573574543
-0.699999988079071,0.082176573574543
-0.699999988079071,0.082176573574543
-0.699999988079071,0.082176573574543
-0.699999988079071,0.082176573574543
-0.699999988079071,0.082176573574543
-0.699999988079071,0.082176573574543
-0.699999988079071,0.082176573574543
-0.699999988079071,0.082176573574543
-0.6800000071525574,0.0838598981499672
-0.6800000071525574,0.0838598981499672
-0.6800000071525574,0.0838598981499672
-0.6800000071525574,0.0838598981499672
-0.6800000071525574,0.0838598981499672
-0.6800000071525574,0.0838598981499672
-0.6800000071525574,0.0838598981499672
-0.6800000071525574,0.0838598981499672
-0.6800000071525574,0.0838598981499672
-0.6800000071525574,0.0838598981499672
-0.6800000071525574,0.0838598981499672
-0.6800000071525574,0.0838598981499672
-0.6800000071525574,0.0838598981499672
-0.6800000071525574,0.0838598981499672
-0.6800000071525574,0.0838598981499672
-0.6800000071525574,0.0838598981499672
-0.6800000071525574,0.0838598981499672
-0.6800000071525574,0.0838598981499672
-0.6800000071525574,0.0838598981499672
-0.6800000071525574,0.0838598981499672
-0.6800000071525574,0.0838598981499672
-0.6800000071525574,0.0838598981499672
-0.6800000071525574,0.0838598981499672
-0.6800000071525574,0.0838598981499672
-0.6800000071525574,0.0838598981499672
-0.6800000071525574,0.0838598981499672
-0.6800000071525574,0.0838598981499672
-0.6800000071525574,0.0838598981499672
-0.6800000071525574,0.0838598981499672
-0.6800000071525574,0.0838598981499672
-0.6800000071525574,0.0838598981499672
-0.6800000071525574,0.0838598981499672
-0.6800000071525574,0.0838598981499672
-0.6800000071525574,0.0838598981499672
-0.6800000071525574,0.0838598981499672
-0.6800000071525574,0.0838598981499672
-0.6800000071525574,0.0838598981499672
-0.6800000071525574,0.0838598981499672
-0.6800000071525574,0.0838598981499672
-0.6800000071525574,0.0838598981499672
-0.6800000071525574,0.0838598981499672
-0.6800000071525574,0.0838598981499672
-0.6800000071525574,0.0838598981499672
-0.6800000071525574,0.0838598981499672
-0.6800000071525574,0.0838598981499672
-0.6800000071525574,0.0838598981499672
-0.6800000071525574,0.0838598981499672
-0.6800000071525574,0.0838598981499672
-0.6800000071525574,0.0838598981499672
-0.6800000071525574,0.0838598981499672
-0.6800000071525574,0.0838598981499672
-0.6800000071525574,0.0838598981499672
-0.6800000071525574,0.0838598981499672
-0.6800000071525574,0.0838598981499672
-0.6800000071525574,0.0838598981499672
-0.6800000071525574,0.0838598981499672
-0.6800000071525574,0.0838598981499672
-0.6800000071525574,0.0838598981499672
-0.6800000071525574,0.0838598981499672
-0.6800000071525574,0.0838598981499672
-0.6800000071525574,0.0838598981499672
-0.6800000071525574,0.0838598981499672
-0.6800000071525574,0.0838598981499672
-0.6800000071525574,0.0838598981499672
-0.6800000071525574,0.0838598981499672
-0.6800000071525574,0.0838598981499672
-0.6800000071525574,0.0838598981499672
-0.6800000071525574,0.0838598981499672
-0.6800000071525574,0.0838598981499672
-0.6800000071525574,0.0838598981499672
-0.6800000071525574,0.0838598981499672
-0.6800000071525574,0.0838598981499672
-0.6800000071525574,0.0838598981499672
-0.6800000071525574,0.0838598981499672
-0.6800000071525574,0.0838598981499672
-0.6800000071525574,0.0838598981499672
-0.6800000071525574,0.0838598981499672
-0.6800000071525574,0.0838598981499672
-0.6800000071525574,0.0838598981499672
-0.6800000071525574,0.0838598981499672
-0.6800000071525574,0.0838598981499672
-0.6800000071525574,0.0838598981499672
-0.6800000071525574,0.0838598981499672
-0.6800000071525574,0.0838598981499672
-0.6800000071525574,0.0838598981499672
-0.6800000071525574,0.0838598981499672
-0.6800000071525574,0.0838598981499672
-0.6800000071525574,0.0838598981499672
-0.6800000071525574,0.0838598981499672
-0.6800000071525574,0.0838598981499672
-0.6800000071525574,0.0838598981499672
-0.6800000071525574,0.0838598981499672
-0.6800000071525574,0.0838598981499672
-0.6800000071525574,0.0838598981499672
-0.6800000071525574,0.0838598981499672
-0.6800000071525574,0.0838598981499672
-0.6800000071525574,0.0838598981499672
-0.6800000071525574,0.0838598981499672
-0.6800000071525574,0.0838598981499672
-0.6800000071525574,0.0838598981499672
-0.6800000071525574,0.0838598981499672
-0.6600000262260437,0.08554504811763763
-0.6600000262260437,0.08554504811763763
-0.6600000262260437,0.08554504811763763
-0.6600000262260437,0.08554504811763763
-0.6600000262260437,0.08554504811763763
-0.6600000262260437,0.08554504811763763
-0.6600000262260437,0.08554504811763763
-0.6600000262260437,0.08554504811763763
-0.6600000262260437,0.08554504811763763
-0.6600000262260437,0.08554504811763763
-0.6600000262260437,0.08554504811763763
-0.6600000262260437,0.08554504811763763
-0.6600000262260437,0.08554504811763763
-0.6600000262260437,0.08554504811763763
-0.6600000262260437,0.08554504811763763
-0.6600000262260437,0.08554504811763763
-0.6600000262260437,0.08554504811763763
-0.6600000262260437,0.08554504811763763
-0.6600000262260437,0.08554504811763763
-0.6600000262260437,0.08554504811763763
-0.6600000262260437,0.08554504811763763
-0.6600000262260437,0.08554504811763763
-0.6600000262260437,0.08554504811763763
-0.6600000262260437,0.08554504811763763
-0.6600000262260437,0.08554504811763763
-0.6600000262260437,0.08554504811763763
-0.6600000262260437,0.08554504811763763
-0.6600000262260437,0.08554504811763763
-0.6600000262260437,0.08554504811763763
-0.6600000262260437,0.08554504811763763
-0.6600000262260437,0.08554504811763763
-0.6600000262260437,0.08554504811763763
-0.6600000262260437,0.08554504811763763
-0.6600000262260437,0.08554504811763763
-0.6600000262260437,0.08554504811763763
-0.6600000262260437,0.08554504811763763
-0.6600000262260437,0.08554504811763763
-0.6600000262260437,0.08554504811763763
-0.6600000262260437,0.08554504811763763
-0.6600000262260437,0.08554504811763763
-0.6600000262260437,0.08554504811763763
-0.6600000262260437,0.08554504811763763
-0.6600000262260437,0.08554504811763763
-0.6600000262260437,0.08554504811763763
-0.6600000262260437,0.08554504811763763
-0.6600000262260437,0.08554504811763763
-0.6600000262260437,0.08554504811763763
-0.6600000262260437,0.08554504811763763
-0.6600000262260437,0.08554504811763763
-0.6600000262260437,0.08554504811763763
-0.6600000262260437,0.08554504811763763
-0.6600000262260437,0.08554504811763763
-0.6600000262260437,0.08554504811763763
-0.6600000262260437,0.08554504811763763
-0.6600000262260437,0.08554504811763763
-0.6600000262260437,0.08554504811763763
-0.6600000262260437,0.08554504811763763
-0.6600000262260437,0.08554504811763763
-0.6600000262260437,0.08554504811763763
-0.6600000262260437,0.08554504811763763
-0.6600000262260437,0.08554504811763763
-0.6600000262260437,0.08554504811763763
-0.6600000262260437,0.08554504811763763
-0.6600000262260437,0.08554504811763763
-0.6600000262260437,0.08554504811763763
-0.6600000262260437,0.08554504811763763
-0.6600000262260437,0.08554504811763763
-0.6600000262260437,0.08554504811763763
-0.6600000262260437,0.08554504811763763
-0.6600000262260437,0.08554504811763763
-0.6600000262260437,0.08554504811763763
-0.6600000262260437,0.08554504811763763
-0.6600000262260437,0.08554504811763763
-0.6600000262260437,0.08554504811763763
-0.6600000262260437,0.08554504811763763
-0.6600000262260437,0.08554504811763763
-0.6600000262260437,0.08554504811763763
-0.6600000262260437,0.08554504811763763
-0.6600000262260437,0.08554504811763763
-0.6600000262260437,0.08554504811763763
-0.6600000262260437,0.08554504811763763
-0.6600000262260437,0.08554504811763763
-0.6600000262260437,0.08554504811763763
-0.6600000262260437,0.08554504811763763
-0.6600000262260437,0.08554504811763763
-0.6600000262260437,0.08554504811763763
-0.6600000262260437,0.08554504811763763
-0.6600000262260437,0.08554504811763763
-0.6600000262260437,0.08554504811763763
-0.6600000262260437,0.08554504811763763
-0.6600000262260437,0.08554504811763763
-0.6600000262260437,0.08554504811763763
-0.6600000262260437,0.08554504811763763
-0.6600000262260437,0.08554504811763763
-0.6600000262260437,0.08554504811763763
-0.6600000262260437,0.08554504811763763
-0.6600000262260437,0.08554504811763763
-0.6600000262260437,0.08554504811763763
-0.6600000262260437,0.08554504811763763
-0.6600000262260437,0.08554504811763763
-0.6600000262260437,0.08554504811763763
-0.6399999856948853,0.08723179250955582
-0.6399999856948853,0.08723179250955582
-0.6399999856948853,0.08723179250955582
-0.6399999856948853,0.08723179250955582
-0.6399999856948853,0.08723179250955582
-0.6399999856948853,0.08723179250955582
-0.6399999856948853,0.08723179250955582
-0.6399999856948853,0.08723179250955582
-0.6399999856948853,0.08723179250955582
-0.6399999856948853,0.08723179250955582
-0.6399999856948853,0.08723179250955582
-0.6399999856948853,0.08723179250955582
-0.6399999856948853,0.08723179250955582
-0.6399999856948853,0.08723179250955582
-0.6399999856948853,0.08723179250955582
-0.6399999856948853,0.08723179250955582
-0.6399999856948853,0.08723179250955582
-0.6399999856948853,0.08723179250955582
-0.6399999856948853,0.08723179250955582
-0.6399999856948853,0.08723179250955582
-0.6399999856948853,0.08723179250955582
-0.6399999856948853,0.08723179250955582
-0.6399999856948853,0.08723179250955582
-0.6399999856948853,0.08723179250955582
-0.6399999856948853,0.08723179250955582
-0.6399999856948853,0.08723179250955582
-0.6399999856948853,0.08723179250955582
-0.6399999856948853,0.08723179250955582
-0.6399999856948853,0.08723179250955582
-0.6399999856948853,0.08723179250955582
-0.6399999856948853,0.08723179250955582
-0.6399999856948853,0.08723179250955582
-0.6399999856948853,0.08723179250955582
-0.6399999856948853,0.08723179250955582
-0.6399999856948853,0.08723179250955582
-0.6399999856948853,0.08723179250955582
-0.6399999856948853,0.08723179250955582
-0.6399999856948853,0.08723179250955582
-0.6399999856948853,0.08723179250955582
-0.6399999856948853,0.08723179250955582
-0.6399999856948853,0.08723179250955582
-0.6399999856948853,0.08723179250955582
-0.6399999856948853,0.08723179250955582
-0.6399999856948853,0.08723179250955582
-0.6399999856948853,0.08723179250955582
-0.6399999856948853,0.08723179250955582
-0.6399999856948853,0.08723179250955582
-0.6399999856948853,0.08723179250955582
-0.6399999856948853,0.08723179250955582
-0.6399999856948853,0.08723179250955582
-0.6399999856948853,0.08723179250955582
-0.6399999856948853,0.08723179250955582
-0.6399999856948853,0.08723179250955582
-0.6399999856948853,0.08723179250955582
-0.6399999856948853,0.08723179250955582
-0.6399999856948853,0.08723179250955582
-0.6399999856948853,0.08723179250955582
-0.6399999856948853,0.08723179250955582
-0.6399999856948853,0.08723179250955582
-0.6399999856948853,0.08723179250955582
-0.6399999856948853,0.08723179250955582
-0.6399999856948853,0.08723179250955582
-0.6399999856948853,0.08723179250955582
-0.6399999856948853,0.08723179250955582
-0.6399999856948853,0.08723179250955582
-0.6399999856948853,0.08723179250955582
-0.6399999856948853,0.08723179250955582
-0.6399999856948853,0.08723179250955582
-0.6399999856948853,0.08723179250955582
-0.6399999856948853,0.08723179250955582
-0.6399999856948853,0.08723179250955582
-0.6399999856948853,0.08723179250955582
-0.6399999856948853,0.08723179250955582
-0.6399999856948853,0.08723179250955582
-0.6399999856948853,0.08723179250955582
-0.6399999856948853,0.08723179250955582
-0.6399999856948853,0.08723179250955582
-0.6399999856948853,0.08723179250955582
-0.6399999856948853,0.08723179250955582
-0.6399999856948853,0.08723179250955582
-0.6399999856948853,0.08723179250955582
-0.6399999856948853,0.08723179250955582
-0.6399999856948853,0.08723179250955582
-0.6399999856948853,0.08723179250955582
-0.6399999856948853,0.08723179250955582
-0.6399999856948853,0.08723179250955582
-0.6399999856948853,0.08723179250955582
-0.6399999856948853,0.08723179250955582
-0.6399999856948853,0.08723179250955582
-0.6399999856948853,0.08723179250955582
-0.6399999856948853,0.08723179250955582
-0.6399999856948853,0.08723179250955582
-0.6399999856948853,0.08723179250955582
-0.6399999856948853,0.08723179250955582
-0.6399999856948853,0.08723179250955582
-0.6399999856948853,0.08723179250955582
-0.6399999856948853,0.08723179250955582
-0.6399999856948853,0.08723179250955582
-0.6399999856948853,0.08723179250955582
-0.6399999856948853,0.08723179250955582
-0.6399999856948853,0.08723179250955582
-0.6200000047683716,0.08892003446817398
-0.6200000047683716,0.08892003446817398
-0.6200000047683716,0.08892003446817398
-0.6200000047683716,0.08892003446817398
-0.6200000047683716,0.08892003446817398
-0.6200000047683716,0.08892003446817398
-0.6200000047683716,0.08892003446817398
-0.6200000047683716,0.08892003446817398
-0.6200000047683716,0.08892003446817398
-0.6200000047683716,0.08892003446817398
-0.6200000047683716,0.08892003446817398
-0.6200000047683716,0.08892003446817398
-0.6200000047683716,0.08892003446817398
-0.6200000047683716,0.08892003446817398
-0.6200000047683716,0.08892003446817398
-0.6200000047683716,0.08892003446817398
-0.6200000047683716,0.08892003446817398
-0.6200000047683716,0.08892003446817398
-0.6200000047683716,0.08892003446817398
-0.6200000047683716,0.08892003446817398
-0.6200000047683716,0.08892003446817398
-0.6200000047683716,0.08892003446817398
-0.6200000047683716,0.08892003446817398
-0.6200000047683716,0.08892003446817398
-0.6200000047683716,0.08892003446817398
-0.6200000047683716,0.08892003446817398
-0.6200000047683716,0.08892003446817398
-0.6200000047683716,0.08892003446817398
-0.6200000047683716,0.08892003446817398
-0.6200000047683716,0.08892003446817398
-0.6200000047683716,0.08892003446817398
-0.6200000047683716,0.08892003446817398
-0.6200000047683716,0.08892003446817398
-0.6200000047683716,0.08892003446817398
-0.6200000047683716,0.08892003446817398
-0.6200000047683716,0.08892003446817398
-0.6200000047683716,0.08892003446817398
-0.6200000047683716,0.08892003446817398
-0.6200000047683716,0.08892003446817398
-0.6200000047683716,0.08892003446817398
-0.6200000047683716,0.08892003446817398
-0.6200000047683716,0.08892003446817398
-0.6200000047683716,0.08892003446817398
-0.6200000047683716,0.08892003446817398
-0.6200000047683716,0.08892003446817398
-0.6200000047683716,0.08892003446817398
-0.6200000047683716,0.08892003446817398
-0.6200000047683716,0.08892003446817398
-0.6200000047683716,0.08892003446817398
-0.6200000047683716,0.08892003446817398
-0.6200000047683716,0.08892003446817398
-0.6200000047683716,0.08892003446817398
-0.6200000047683716,0.08892003446817398
-0.6200000047683716,0.08892003446817398
-0.6200000047683716,0.08892003446817398
-0.6200000047683716,0.08892003446817398
-0.6200000047683716,0.08892003446817398
-0.6200000047683716,0.08892003446817398
-0.6200000047683716,0.08892003446817398
-0.6200000047683716,0.08892003446817398
-0.6200000047683716,0.08892003446817398
-0.6200000047683716,0.08892003446817398
-0.6200000047683716,0.08892003446817398
-0.6200000047683716,0.08892003446817398
-0.6200000047683716,0.08892003446817398
-0.6200000047683716,0.08892003446817398
-0.6200000047683716,0.08892003446817398
-0.6200000047683716,0.08892003446817398
-0.6200000047683716,0.08892003446817398
-0.6200000047683716,0.08892003446817398
-0.6200000047683716,0.08892003446817398
-0.6200000047683716,0.08892003446817398
-0.6200000047683716,0.08892003446817398
-0.6200000047683716,0.08892003446817398
-0.6200000047683716,0.08892003446817398
-0.6200000047683716,0.08892003446817398
-0.6200000047683716,0.08892003446817398
-0.6200000047683716,0.08892003446817398
-0.6200000047683716,0.08892003446817398
-0.6200000047683716,0.08892003446817398
-0.6200000047683716,0.08892003446817398
-0.6200000047683716,0.08892003446817398
-0.6200000047683716,0.08892003446817398
-0.6200000047683716,0.08892003446817398
-0.6200000047683716,0.08892003446817398
-0.6200000047683716,0.08892003446817398
-0.6200000047683716,0.08892003446817398
-0.6200000047683716,0.08892003446817398
-0.6200000047683716,0.08892003446817398
-0.6200000047683716,0.08892003446817398
-0.6200000047683716,0.08892003446817398
-0.6200000047683716,0.08892003446817398
-0.6200000047683716,0.08892003446817398
-0.6200000047683716,0.08892003446817398
-0.6200000047683716,0.08892003446817398
-0.6200000047683716,0.08892003446817398
-0.6200000047683716,0.08892003446817398
-0.6200000047683716,0.08892003446817398
-0.6200000047683716,0.08892003446817398
-0.6200000047683716,0.08892003446817398
-0.6200000047683716,0.08892003446817398
-0.6000000238418579,0.0906095802783966
-0.6000000238418579,0.0906095802783966
-0.6000000238418579,0.0906095802783966
-0.6000000238418579,0.0906095802783966
-0.6000000238418579,0.0906095802783966
-0.6000000238418579,0.0906095802783966
-0.6000000238418579,0.0906095802783966
-0.6000000238418579,0.0906095802783966
-0.6000000238418579,0.0906095802783966
-0.6000000238418579,0.0906095802783966
-0.6000000238418579,0.0906095802783966
-0.6000000238418579,0.0906095802783966
-0.6000000238418579,0.0906095802783966
-0.6000000238418579,0.0906095802783966
-0.6000000238418579,0.0906095802783966
-0.6000000238418579,0.0906095802783966
-0.6000000238418579,0.0906095802783966
-0.6000000238418579,0.0906095802783966
-0.6000000238418579,0.0906095802783966
-0.6000000238418579,0.0906095802783966
-0.6000000238418579,0.0906095802783966
-0.6000000238418579,0.0906095802783966
-0.6000000238418579,0.0906095802783966
-0.6000000238418579,0.0906095802783966
-0.6000000238418579,0.0906095802783966
-0.6000000238418579,0.0906095802783966
-0.6000000238418579,0.0906095802783966
-0.6000000238418579,0.0906095802783966
-0.6000000238418579,0.0906095802783966
-0.6000000238418579,0.0906095802783966
-0.6000000238418579,0.0906095802783966
-0.6000000238418579,0.0906095802783966
-0.6000000238418579,0.0906095802783966
-0.6000000238418579,0.0906095802783966
-0.6000000238418579,0.0906095802783966
-0.6000000238418579,0.0906095802783966
-0.6000000238418579,0.0906095802783966
-0.6000000238418579,0.0906095802783966
-0.6000000238418579,0.0906095802783966
-0.6000000238418579,0.0906095802783966
-0.6000000238418579,0.0906095802783966
-0.6000000238418579,0.0906095802783966
-0.6000000238418579,0.0906095802783966
-0.6000000238418579,0.0906095802783966
-0.6000000238418579,0.0906095802783966
-0.6000000238418579,0.0906095802783966
-0.6000000238418579,0.0906095802783966
-0.6000000238418579,0.0906095802783966
-0.6000000238418579,0.0906095802783966
-0.6000000238418579,0.0906095802783966
-0.6000000238418579,0.0906095802783966
-0.6000000238418579,0.0906095802783966
-0.6000000238418579,0.0906095802783966
-0.6000000238418579,0.0906095802783966
-0.6000000238418579,0.0906095802783966
-0.6000000238418579,0.0906095802783966
-0.6000000238418579,0.0906095802783966
-0.6000000238418579,0.0906095802783966
-0.6000000238418579,0.0906095802783966
-0.6000000238418579,0.0906095802783966
-0.6000000238418579,0.0906095802783966
-0.6000000238418579,0.0906095802783966
-0.6000000238418579,0.0906095802783966
-0.6000000238418579,0.0906095802783966
-0.6000000238418579,0.0906095802783966
-0.6000000238418579,0.0906095802783966
-0.6000000238418579,0.0906095802783966
-0.6000000238418579,0.0906095802783966
-0.6000000238418579,0.0906095802783966
-0.6000000238418579,0.0906095802783966
-0.6000000238418579,0.0906095802783966
-0.6000000238418579,0.0906095802783966
-0.6000000238418579,0.0906095802783966
-0.6000000238418579,0.0906095802783966
-0.6000000238418579,0.0906095802783966
-0.6000000238418579,0.0906095802783966
-0.6000000238418579,0.0906095802783966
-0.6000000238418579,0.0906095802783966
-0.6000000238418579,0.0906095802783966
-0.6000000238418579,0.0906095802783966
-0.6000000238418579,0.0906095802783966
-0.6000000238418579,0.0906095802783966
-0.6000000238418579,0.0906095802783966
-0.6000000238418579,0.0906095802783966
-0.6000000238418579,0.0906095802783966
-0.6000000238418579,0.0906095802783966
-0.6000000238418579,0.0906095802783966
-0.6000000238418579,0.0906095802783966
-0.6000000238418579,0.0906095802783966
-0.6000000238418579,0.0906095802783966
-0.6000000238418579,0.0906095802783966
-0.6000000238418579,0.0906095802783966
-0.6000000238418579,0.0906095802783966
-0.6000000238418579,0.0906095802783966
-0.6000000238418579,0.0906095802783966
-0.6000000238418579,0.0906095802783966
-0.6000000238418579,0.0906095802783966
-0.6000000238418579,0.0906095802783966
-0.6000000238418579,0.0906095802783966
-0.6000000238418579,0.0906095802783966
-0.6000000238418579,0.0906095802783966
-0.5799999833106995,0.09230031073093414
-0.5799999833106995,0.09230031073093414
-0.5799999833106995,0.09230031073093414
-0.5799999833106995,0.09230031073093414
-0.5799999833106995,0.09230031073093414
-0.5799999833106995,0.09230031073093414
-0.5799999833106995,0.09230031073093414
-0.5799999833106995,0.09230031073093414
-0.5799999833106995,0.09230031073093414
-0.5799999833106995,0.09230031073093414
-0.5799999833106995,0.09230031073093414
-0.5799999833106995,0.09230031073093414
-0.5799999833106995,0.09230031073093414
-0.5799999833106995,0.09230031073093414
-0.5799999833106995,0.09230031073093414
-0.5799999833106995,0.09230031073093414
-0.5799999833106995,0.09230031073093414
-0.5799999833106995,0.09230031073093414
-0.5799999833106995,0.09230031073093414
-0.5799999833106995,0.09230031073093414
-0.5799999833106995,0.09230031073093414
-0.5799999833106995,0.09230031073093414
-0.5799999833106995,0.09230031073093414
-0.5799999833106995,0.09230031073093414
-0.5799999833106995,0.09230031073093414
-0.5799999833106995,0.09230031073093414
-0.5799999833106995,0.09230031073093414
-0.5799999833106995,0.09230031073093414
-0.5799999833106995,0.09230031073093414
-0.5799999833106995,0.09230031073093414
-0.5799999833106995,0.09230031073093414
-0.5799999833106995,0.09230031073093414
-0.5799999833106995,0.09230031073093414
-0.5799999833106995,0.09230031073093414
-0.5799999833106995,0.09230031073093414
-0.5799999833106995,0.09230031073093414
-0.5799999833106995,0.09230031073093414
-0.5799999833106995,0.09230031073093414
-0.5799999833106995,0.09230031073093414
-0.5799999833106995,0.09230031073093414
-0.5799999833106995,0.09230031073093414
-0.5799999833106995,0.09230031073093414
-0.5799999833106995,0.09230031073093414
-0.5799999833106995,0.09230031073093414
-0.5799999833106995,0.09230031073093414
-0.5799999833106995,0.09230031073093414
-0.5799999833106995,0.09230031073093414
-0.5799999833106995,0.09230031073093414
-0.5799999833106995,0.09230031073093414
-0.5799999833106995,0.09230031073093414
-0.5799999833106995,0.09230031073093414
-0.5799999833106995,0.09230031073093414
-0.5799999833106995,0.09230031073093414
-0.5799999833106995,0.09230031073093414
-0.5799999833106995,0.09230031073093414
-0.5799999833106995,0.09230031073093414
-0.5799999833106995,0.09230031073093414
-0.5799999833106995,0.09230031073093414
-0.5799999833106995,0.09230031073093414
-0.5799999833106995,0.09230031073093414
-0.5799999833106995,0.09230031073093414
-0.5799999833106995,0.09230031073093414
-0.5799999833106995,0.09230031073093414
-0.5799999833106995,0.09230031073093414
-0.5799999833106995,0.09230031073093414
-0.5799999833106995,0.09230031073093414
-0.5799999833106995,0.09230031073093414
-0.5799999833106995,0.09230031073093414
-0.5799999833106995,0.09230031073093414
-0.5799999833106995,0.09230031073093414
-0.5799999833106995,0.09230031073093414
-0.5799999833106995,0.09230031073093414
-0.5799999833106995,0.09230031073093414
-0.5799999833106995,0.09230031073093414
-0.5799999833106995,0.09230031073093414
-0.5799999833106995,0.09230031073093414
-0.5799999833106995,0.09230031073093414
-0.5799999833106995,0.09230031073093414
-0.5799999833106995,0.09230031073093414
-0.5799999833106995,0.09230031073093414
-0.5799999833106995,0.09230031073093414
-0.5799999833106995,0.09230031073093414
-0.5799999833106995,0.09230031073093414
-0.5799999833106995,0.09230031073093414
-0.5799999833106995,0.09230031073093414
-0.5799999833106995,0.09230031073093414
-0.5799999833106995,0.09230031073093414
-0.5799999833106995,0.09230031073093414
-0.5799999833106995,0.09230031073093414
-0.5799999833106995,0.09230031073093414
-0.5799999833106995,0.09230031073093414
-0.5799999833106995,0.09230031073093414
-0.5799999833106995,0.09230031073093414
-0.5799999833106995,0.09230031073093414
-0.5799999833106995,0.09230031073093414
-0.5799999833106995,0.09230031073093414
-0.5799999833106995,0.09230031073093414
-0.5799999833106995,0.09230031073093414
-0.5799999833106995,0.09230031073093414
-0.5799999833106995,0.09230031073093414
-0.5799999833106995,0.09230031073093414
-0.5600000023841858,0.09399198740720749
-0.5600000023841858,0.09399198740720749
-0.5600000023841858,0.09399198740720749
-0.5600000023841858,0.09399198740720749
-0.5600000023841858,0.09399198740720749
-0.5600000023841858,0.09399198740720749
-0.5600000023841858,0.09399198740720749
-0.5600000023841858,0.09399198740720749
-0.5600000023841858,0.09399198740720749
-0.5600000023841858,0.09399198740720749
-0.5600000023841858,0.09399198740720749
-0.5600000023841858,0.09399198740720749
-0.5600000023841858,0.09399198740720749
-0.5600000023841858,0.09399198740720749
-0.5600000023841858,0.09399198740720749
-0.5600000023841858,0.09399198740720749
-0.5600000023841858,0.09399198740720749
-0.5600000023841858,0.09399198740720749
-0.5600000023841858,0.09399198740720749
-0.5600000023841858,0.09399198740720749
-0.5600000023841858,0.09399198740720749
-0.5600000023841858,0.09399198740720749
-0.5600000023841858,0.09399198740720749
-0.5600000023841858,0.09399198740720749
-0.5600000023841858,0.09399198740720749
-0.5600000023841858,0.09399198740720749
-0.5600000023841858,0.09399198740720749
-0.5600000023841858,0.09399198740720749
-0.5600000023841858,0.09399198740720749
-0.5600000023841858,0.09399198740720749
-0.5600000023841858,0.09399198740720749
-0.5600000023841858,0.09399198740720749
-0.5600000023841858,0.09399198740720749
-0.5600000023841858,0.09399198740720749
-0.5600000023841858,0.09399198740720749
-0.5600000023841858,0.09399198740720749
-0.5600000023841858,0.09399198740720749
-0.5600000023841858,0.09399198740720749
-0.5600000023841858,0.09399198740720749
-0.5600000023841858,0.09399198740720749
-0.5600000023841858,0.09399198740720749
-0.5600000023841858,0.09399198740720749
-0.5600000023841858,0.09399198740720749
-0.5600000023841858,0.09399198740720749
-0.5600000023841858,0.09399198740720749
-0.5600000023841858,0.09399198740720749
-0.5600000023841858,0.09399198740720749
-0.5600000023841858,0.09399198740720749
-0.5600000023841858,0.09399198740720749
-0.5600000023841858,0.09399198740720749
-0.5600000023841858,0.09399198740720749
-0.5600000023841858,0.09399198740720749
-0.5600000023841858,0.09399198740720749
-0.5600000023841858,0.09399198740720749
-0.5600000023841858,0.09399198740720749
-0.5600000023841858,0.09399198740720749
-0.5600000023841858,0.09399198740720749
-0.5600000023841858,0.09399198740720749
-0.5600000023841858,0.09399198740720749
-0.5600000023841858,0.09399198740720749
-0.5600000023841858,0.09399198740720749
-0.5600000023841858,0.09399198740720749
-0.5600000023841858,0.09399198740720749
-0.5600000023841858,0.09399198740720749
-0.5600000023841858,0.09399198740720749
-0.5600000023841858,0.09399198740720749
-0.5600000023841858,0.09399198740720749
-0.5600000023841858,0.09399198740720749
-0.5600000023841858,0.09399198740720749
-0.5600000023841858,0.09399198740720749
-0.5600000023841858,0.09399198740720749
-0.5600000023841858,0.09399198740720749
-0.5600000023841858,0.09399198740720749
-0.5600000023841858,0.09399198740720749
-0.5600000023841858,0.09399198740720749
-0.5600000023841858,0.09399198740720749
-0.5600000023841858,0.09399198740720749
-0.5600000023841858,0.09399198740720749
-0.5600000023841858,0.09399198740720749
-0.5600000023841858,0.09399198740720749
-0.5600000023841858,0.09399198740720749
-0.5600000023841858,0.09399198740720749
-0.5600000023841858,0.09399198740720749
-0.5600000023841858,0.09399198740720749
-0.5600000023841858,0.09399198740720749
-0.5600000023841858,0.09399198740720749
-0.5600000023841858,0.09399198740720749
-0.5600000023841858,0.09399198740720749
-0.5600000023841858,0.09399198740720749
-0.5600000023841858,0.09399198740720749
-0.5600000023841858,0.09399198740720749
-0.5600000023841858,0.09399198740720749
-0.5600000023841858,0.09399198740720749
-0.5600000023841858,0.09399198740720749
-0.5600000023841858,0.09399198740720749
-0.5600000023841858,0.09399198740720749
-0.5600000023841858,0.09399198740720749
-0.5600000023841858,0.09399198740720749
-0.5600000023841858,0.09399198740720749
-0.5600000023841858,0.09399198740720749
-0.5600000023841858,0.09399198740720749
-0.5400000214576721,0.0956844687461853
-0.5400000214576721,0.0956844687461853
-0.5400000214576721,0.0956844687461853
-0.5400000214576721,0.0956844687461853
-0.5400000214576721,0.0956844687461853
-0.5400000214576721,0.0956844687461853
-0.5400000214576721,0.0956844687461853
-0.5400000214576721,0.0956844687461853
-0.5400000214576721,0.0956844687461853
-0.5400000214576721,0.0956844687461853
-0.5400000214576721,0.0956844687461853
-0.5400000214576721,0.0956844687461853
-0.5400000214576721,0.0956844687461853
-0.5400000214576721,0.0956844687461853
-0.5400000214576721,0.0956844687461853
-0.5400000214576721,0.0956844687461853
-0.5400000214576721,0.0956844687461853
-0.5400000214576721,0.0956844687461853
-0.5400000214576721,0.0956844687461853
-0.5400000214576721,0.0956844687461853
-0.5400000214576721,0.0956844687461853
-0.5400000214576721,0.0956844687461853
-0.5400000214576721,0.0956844687461853
-0.5400000214576721,0.0956844687461853
-0.5400000214576721,0.0956844687461853
-0.5400000214576721,0.0956844687461853
-0.5400000214576721,0.0956844687461853
-0.5400000214576721,0.0956844687461853
-0.5400000214576721,0.0956844687461853
-0.5400000214576721,0.0956844687461853
-0.5400000214576721,0.0956844687461853
-0.5400000214576721,0.0956844687461853
-0.5400000214576721,0.0956844687461853
-0.5400000214576721,0.0956844687461853
-0.5400000214576721,0.0956844687461853
-0.5400000214576721,0.0956844687461853
-0.5400000214576721,0.0956844687461853
-0.5400000214576721,0.0956844687461853
-0.5400000214576721,0.0956844687461853
-0.5400000214576721,0.0956844687461853
-0.5400000214576721,0.0956844687461853
-0.5400000214576721,0.0956844687461853
-0.5400000214576721,0.0956844687461853
-0.5400000214576721,0.0956844687461853
-0.5400000214576721,0.0956844687461853
-0.5400000214576721,0.0956844687461853
-0.5400000214576721,0.0956844687461853
-0.5400000214576721,0.0956844687461853
-0.5400000214576721,0.0956844687461853
-0.5400000214576721,0.0956844687461853
-0.5400000214576721,0.0956844687461853
-0.5400000214576721,0.0956844687461853
-0.5400000214576721,0.0956844687461853
-0.5400000214576721,0.0956844687461853
-0.5400000214576721,0.0956844687461853
-0.5400000214576721,0.0956844687461853
-0.5400000214576721,0.0956844687461853
-0.5400000214576721,0.0956844687461853
-0.5400000214576721,0.0956844687461853
-0.5400000214576721,0.0956844687461853
-0.5400000214576721,0.0956844687461853
-0.5400000214576721,0.0956844687461853
-0.5400000214576721,0.0956844687461853
-0.5400000214576721,0.0956844687461853
-0.5400000214576721,0.0956844687461853
-0.5400000214576721,0.0956844687461853
-0.5400000214576721,0.0956844687461853
-0.5400000214576721,0.0956844687461853
-0.5400000214576721,0.0956844687461853
-0.5400000214576721,0.0956844687461853
-0.5400000214576721,0.0956844687461853
-0.5400000214576721,0.0956844687461853
-0.5400000214576721,0.0956844687461853
-0.5400000214576721,0.0956844687461853
-0.5400000214576721,0.0956844687461853
-0.5400000214576721,0.0956844687461853
-0.5400000214576721,0.0956844687461853
-0.5400000214576721,0.0956844687461853
-0.5400000214576721,0.0956844687461853
-0.5400000214576721,0.0956844687461853
-0.5400000214576721,0.0956844687461853
-0.5400000214576721,0.0956844687461853
-0.5400000214576721,0.0956844687461853
-0.5400000214576721,0.0956844687461853
-0.5400000214576721,0.0956844687461853
-0.5400000214576721,0.0956844687461853
-0.5400000214576721,0.0956844687461853
-0.5400000214576721,0.0956844687461853
-0.5400000214576721,0.0956844687461853
-0.5400000214576721,0.0956844687461853
-0.5400000214576721,0.0956844687461853
-0.5400000214576721,0.0956844687461853
-0.5400000214576721,0.0956844687461853
-0.5400000214576721,0.0956844687461853
-0.5400000214576721,0.0956844687461853
-0.5400000214576721,0.0956844687461853
-0.5400000214576721,0.0956844687461853
-0.5400000214576721,0.0956844687461853
-0.5400000214576721,0.0956844687461853
-0.5400000214576721,0.0956844687461853
-0.5400000214576721,0.0956844687461853
-0.5199999809265137,0.09737752377986908
-0.5199999809265137,0.09737752377986908
-0.5199999809265137,0.09737752377986908
-0.5199999809265137,0.09737752377986908
-0.5199999809265137,0.09737752377986908
-0.5199999809265137,0.09737752377986908
-0.5199999809265137,0.09737752377986908
-0.5199999809265137,0.09737752377986908
-0.5199999809265137,0.09737752377986908
-0.5199999809265137,0.09737752377986908
-0.5199999809265137,0.09737752377986908
-0.5199999809265137,0.09737752377986908
-0.5199999809265137,0.09737752377986908
-0.5199999809265137,0.09737752377986908
-0.5199999809265137,0.09737752377986908
-0.5199999809265137,0.09737752377986908
-0.5199999809265137,0.09737752377986908
-0.5199999809265137,0.09737752377986908
-0.5199999809265137,0.09737752377986908
-0.5199999809265137,0.09737752377986908
-0.5199999809265137,0.09737752377986908
-0.5199999809265137,0.09737752377986908
-0.5199999809265137,0.09737752377986908
-0.5199999809265137,0.09737752377986908
-0.5199999809265137,0.09737752377986908
-0.5199999809265137,0.09737752377986908
-0.5199999809265137,0.09737752377986908
-0.5199999809265137,0.09737752377986908
-0.5199999809265137,0.09737752377986908
-0.5199999809265137,0.09737752377986908
-0.5199999809265137,0.09737752377986908
-0.5199999809265137,0.09737752377986908
-0.5199999809265137,0.09737752377986908
-0.5199999809265137,0.09737752377986908
-0.5199999809265137,0.09737752377986908
-0.5199999809265137,0.09737752377986908
-0.5199999809265137,0.09737752377986908
-0.5199999809265137,0.09737752377986908
-0.5199999809265137,0.09737752377986908
-0.5199999809265137,0.09737752377986908
-0.5199999809265137,0.09737752377986908
-0.5199999809265137,0.09737752377986908
-0.5199999809265137,0.09737752377986908
-0.5199999809265137,0.09737752377986908
-0.5199999809265137,0.09737752377986908
-0.5199999809265137,0.09737752377986908
-0.5199999809265137,0.09737752377986908
-0.5199999809265137,0.09737752377986908
-0.5199999809265137,0.09737752377986908
-0.5199999809265137,0.09737752377986908
-0.5199999809265137,0.09737752377986908
-0.5199999809265137,0.09737752377986908
-0.5199999809265137,0.09737752377986908
-0.5199999809265137,0.09737752377986908
-0.5199999809265137,0.09737752377986908
-0.5199999809265137,0.09737752377986908
-0.5199999809265137,0.09737752377986908
-0.5199999809265137,0.09737752377986908
-0.5199999809265137,0.09737752377986908
-0.5199999809265137,0.09737752377986908
-0.5199999809265137,0.09737752377986908
-0.5199999809265137,0.09737752377986908
-0.5199999809265137,0.09737752377986908
-0.5199999809265137,0.09737752377986908
-0.5199999809265137,0.09737752377986908
-0.5199999809265137,0.09737752377986908
-0.5199999809265137,0.09737752377986908
-0.5199999809265137,0.09737752377986908
-0.5199999809265137,0.09737752377986908
-0.5199999809265137,0.09737752377986908
-0.5199999809265137,0.09737752377986908
-0.5199999809265137,0.09737752377986908
-0.5199999809265137,0.09737752377986908
-0.5199999809265137,0.09737752377986908
-0.5199999809265137,0.09737752377986908
-0.5199999809265137,0.09737752377986908
-0.5199999809265137,0.09737752377986908
-0.5199999809265137,0.09737752377986908
-0.5199999809265137,0.09737752377986908
-0.5199999809265137,0.09737752377986908
-0.5199999809265137,0.09737752377986908
-0.5199999809265137,0.09737752377986908
-0.5199999809265137,0.09737752377986908
-0.5199999809265137,0.09737752377986908
-0.5199999809265137,0.09737752377986908
-0.5199999809265137,0.09737752377986908
-0.5199999809265137,0.09737752377986908
-0.5199999809265137,0.09737752377986908
-0.5199999809265137,0.09737752377986908
-0.5199999809265137,0.09737752377986908
-0.5199999809265137,0.09737752377986908
-0.5199999809265137,0.09737752377986908
-0.5199999809265137,0.09737752377986908
-0.5199999809265137,0.09737752377986908
-0.5199999809265137,0.09737752377986908
-0.5199999809265137,0.09737752377986908
-0.5199999809265137,0.09737752377986908
-0.5199999809265137,0.09737752377986908
-0.5199999809265137,0.09737752377986908
-0.5199999809265137,0.09737752377986908
-0.5199999809265137,0.09737752377986908
-0.5,0.09907098859548569
-0.5,0.09907098859548569
-0.5,0.09907098859548569
-0.5,0.09907098859548569
-0.5,0.09907098859548569
-0.5,0.09907098859548569
-0.5,0.09907098859548569
-0.5,0.09907098859548569
-0.5,0.09907098859548569
-0.5,0.09907098859548569
-0.5,0.09907098859548569
-0.5,0.09907098859548569
-0.5,0.09907098859548569
-0.5,0.09907098859548569
-0.5,0.09907098859548569
-0.5,0.09907098859548569
-0.5,0.09907098859548569
-0.5,0.09907098859548569
-0.5,0.09907098859548569
-0.5,0.09907098859548569
-0.5,0.09907098859548569
-0.5,0.09907098859548569
-0.5,0.09907098859548569
-0.5,0.09907098859548569
-0.5,0.09907098859548569
-0.5,0.09907098859548569
-0.5,0.09907098859548569
-0.5,0.09907098859548569
-0.5,0.09907098859548569
-0.5,0.09907098859548569
-0.5,0.09907098859548569
-0.5,0.09907098859548569
-0.5,0.09907098859548569
-0.5,0.09907098859548569
-0.5,0.09907098859548569
-0.5,0.09907098859548569
-0.5,0.09907098859548569
-0.5,0.09907098859548569
-0.5,0.09907098859548569
-0.5,0.09907098859548569
-0.5,0.09907098859548569
-0.5,0.09907098859548569
-0.5,0.09907098859548569
-0.5,0.09907098859548569
-0.5,0.09907098859548569
-0.5,0.09907098859548569
-0.5,0.09907098859548569
-0.5,0.09907098859548569
-0.5,0.09907098859548569
-0.5,0.09907098859548569
-0.5,0.09907098859548569
-0.5,0.09907098859548569
-0.5,0.09907098859548569
-0.5,0.09907098859548569
-0.5,0.09907098859548569
-0.5,0.09907098859548569
-0.5,0.09907098859548569
-0.5,0.09907098859548569
-0.5,0.09907098859548569
-0.5,0.09907098859548569
-0.5,0.09907098859548569
-0.5,0.09907098859548569
-0.5,0.09907098859548569
-0.5,0.09907098859548569
-0.5,0.09907098859548569
-0.5,0.09907098859548569
-0.5,0.09907098859548569
-0.5,0.09907098859548569
-0.5,0.09907098859548569
-0.5,0.09907098859548569
-0.5,0.09907098859548569
-0.5,0.09907098859548569
-0.5,0.09907098859548569
-0.5,0.09907098859548569
-0.5,0.09907098859548569
-0.5,0.09907098859548569
-0.5,0.09907098859548569
-0.5,0.09907098859548569
-0.5,0.09907098859548569
-0.5,0.09907098859548569
-0.5,0.09907098859548569
-0.5,0.09907098859548569
-0.5,0.09907098859548569
-0.5,0.09907098859548569
-0.5,0.09907098859548569
-0.5,0.09907098859548569
-0.5,0.09907098859548569
-0.5,0.09907098859548569
-0.5,0.09907098859548569
-0.5,0.09907098859548569
-0.5,0.09907098859548569
-0.5,0.09907098859548569
-0.5,0.09907098859548569
-0.5,0.09907098859548569
-0.5,0.09907098859548569
-0.5,0.09907098859548569
-0.5,0.09907098859548569
-0.5,0.09907098859548569
-0.5,0.09907098859548569
-0.5,0.09907098859548569
-0.5,0.09907098859548569
-0.47999998927116394,0.10076460242271423
-0.47999998927116394,0.10076460242271423
-0.47999998927116394,0.10076460242271423
-0.47999998927116394,0.10076460242271423
-0.47999998927116394,0.10076460242271423
-0.47999998927116394,0.10076460242271423
-0.47999998927116394,0.10076460242271423
-0.47999998927116394,0.10076460242271423
-0.47999998927116394,0.10076460242271423
-0.47999998927116394,0.10076460242271423
-0.47999998927116394,0.10076460242271423
-0.47999998927116394,0.10076460242271423
-0.47999998927116394,0.10076460242271423
-0.47999998927116394,0.10076460242271423
-0.47999998927116394,0.10076460242271423
-0.47999998927116394,0.10076460242271423
-0.47999998927116394,0.10076460242271423
-0.47999998927116394,0.10076460242271423
-0.47999998927116394,0.10076460242271423
-0.47999998927116394,0.10076460242271423
-0.47999998927116394,0.10076460242271423
-0.47999998927116394,0.10076460242271423
-0.47999998927116394,0.10076460242271423
-0.47999998927116394,0.10076460242271423
-0.47999998927116394,0.10076460242271423
-0.47999998927116394,0.10076460242271423
-0.47999998927116394,0.10076460242271423
-0.47999998927116394,0.10076460242271423
-0.47999998927116394,0.10076460242271423
-0.47999998927116394,0.10076460242271423
-0.47999998927116394,0.10076460242271423
-0.47999998927116394,0.10076460242271423
-0.47999998927116394,0.10076460242271423
-0.47999998927116394,0.10076460242271423
-0.47999998927116394,0.10076460242271423
-0.47999998927116394,0.10076460242271423
-0.47999998927116394,0.10076460242271423
-0.47999998927116394,0.10076460242271423
-0.47999998927116394,0.10076460242271423
-0.47999998927116394,0.10076460242271423
-0.47999998927116394,0.10076460242271423
-0.47999998927116394,0.10076460242271423
-0.47999998927116394,0.10076460242271423
-0.47999998927116394,0.10076460242271423
-0.47999998927116394,0.10076460242271423
-0.47999998927116394,0.10076460242271423
-0.47999998927116394,0.10076460242271423
-0.47999998927116394,0.10076460242271423
-0.47999998927116394,0.10076460242271423
-0.47999998927116394,0.10076460242271423
-0.47999998927116394,0.10076460242271423
-0.47999998927116394,0.10076460242271423
-0.47999998927116394,0.10076460242271423
-0.47999998927116394,0.10076460242271423
-0.47999998927116394,0.10076460242271423
-0.47999998927116394,0.10076460242271423
-0.47999998927116394,0.10076460242271423
-0.47999998927116394,0.10076460242271423
-0.47999998927116394,0.10076460242271423
-0.47999998927116394,0.10076460242271423
-0.47999998927116394,0.10076460242271423
-0.47999998927116394,0.10076460242271423
-0.47999998927116394,0.10076460242271423
-0.47999998927116394,0.10076460242271423
-0.47999998927116394,0.10076460242271423
-0.47999998927116394,0.10076460242271423
-0.47999998927116394,0.10076460242271423
-0.47999998927116394,0.10076460242271423
-0.47999998927116394,0.10076460242271423
-0.47999998927116394,0.10076460242271423
-0.47999998927116394,0.10076460242271423
-0.47999998927116394,0.10076460242271423
-0.47999998927116394,0.10076460242271423
-0.47999998927116394,0.10076460242271423
-0.47999998927116394,0.10076460242271423
-0.47999998927116394,0.10076460242271423
-0.47999998927116394,0.10076460242271423
-0.47999998927116394,0.10076460242271423
-0.47999998927116394,0.10076460242271423
-0.47999998927116394,0.10076460242271423
-0.47999998927116394,0.10076460242271423
-0.47999998927116394,0.10076460242271423
-0.47999998927116394,0.10076460242271423
-0.47999998927116394,0.10076460242271423
-0.47999998927116394,0.10076460242271423
-0.47999998927116394,0.10076460242271423
-0.47999998927116394,0.10076460242271423
-0.47999998927116394,0.10076460242271423
-0.47999998927116394,0.10076460242271423
-0.47999998927116394,0.10076460242271423
-0.47999998927116394,0.10076460242271423
-0.47999998927116394,0.10076460242271423
-0.47999998927116394,0.10076460242271423
-0.47999998927116394,0.10076460242271423
-0.47999998927116394,0.10076460242271423
-0.47999998927116394,0.10076460242271423
-0.47999998927116394,0.10076460242271423
-0.47999998927116394,0.10076460242271423
-0.47999998927116394,0.10076460242271423
-0.47999998927116394,0.10076460242271423
-0.47999998927116394,0.10076460242271423
-0.46000000834465027,0.102458156645298
-0.46000000834465027,0.102458156645298
-0.46000000834465027,0.102458156645298
-0.46000000834465027,0.102458156645298
-0.46000000834465027,0.102458156645298
-0.46000000834465027,0.102458156645298
-0.46000000834465027,0.102458156645298
-0.46000000834465027,0.102458156645298
-0.46000000834465027,0.102458156645298
-0.46000000834465027,0.102458156645298
-0.46000000834465027,0.102458156645298
-0.46000000834465027,0.102458156645298
-0.46000000834465027,0.102458156645298
-0.46000000834465027,0.102458156645298
-0.46000000834465027,0.102458156645298
-0.46000000834465027,0.102458156645298
-0.46000000834465027,0.102458156645298
-0.46000000834465027,0.102458156645298
-0.46000000834465027,0.102458156645298
-0.46000000834465027,0.102458156645298
-0.46000000834465027,0.102458156645298
-0.46000000834465027,0.102458156645298
-0.46000000834465027,0.102458156645298
-0.46000000834465027,0.102458156645298
-0.46000000834465027,0.102458156645298
-0.46000000834465027,0.102458156645298
-0.46000000834465027,0.102458156645298
-0.46000000834465027,0.102458156645298
-0.46000000834465027,0.102458156645298
-0.46000000834465027,0.102458156645298
-0.46000000834465027,0.102458156645298
-0.46000000834465027,0.102458156645298
-0.46000000834465027,0.102458156645298
-0.46000000834465027,0.102458156645298
-0.46000000834465027,0.102458156645298
-0.46000000834465027,0.102458156645298
-0.46000000834465027,0.102458156645298
-0.46000000834465027,0.102458156645298
-0.46000000834465027,0.102458156645298
-0.46000000834465027,0.102458156645298
-0.46000000834465027,0.102458156645298
-0.46000000834465027,0.102458156645298
-0.46000000834465027,0.102458156645298
-0.46000000834465027,0.102458156645298
-0.46000000834465027,0.102458156645298
-0.46000000834465027,0.102458156645298
-0.46000000834465027,0.102458156645298
-0.46000000834465027,0.102458156645298
-0.46000000834465027,0.102458156645298
-0.46000000834465027,0.102458156645298
-0.46000000834465027,0.102458156645298
-0.46000000834465027,0.102458156645298
-0.46000000834465027,0.102458156645298
-0.46000000834465027,0.102458156645298
-0.46000000834465027,0.102458156645298
-0.46000000834465027,0.102458156645298
-0.46000000834465027,0.102458156645298
-0.46000000834465027,0.102458156645298
-0.46000000834465027,0.102458156645298
-0.46000000834465027,0.102458156645298
-0.46000000834465027,0.102458156645298
-0.46000000834465027,0.102458156645298
-0.46000000834465027,0.102458156645298
-0.46000000834465027,0.102458156645298
-0.46000000834465027,0.102458156645298
-0.46000000834465027,0.102458156645298
-0.46000000834465027,0.102458156645298
-0.46000000834465027,0.102458156645298
-0.46000000834465027,0.102458156645298
-0.46000000834465027,0.102458156645298
-0.46000000834465027,0.102458156645298
-0.46000000834465027,0.102458156645298
-0.46000000834465027,0.102458156645298
-0.46000000834465027,0.102458156645298
-0.46000000834465027,0.102458156645298
-0.46000000834465027,0.102458156645298
-0.46000000834465027,0.102458156645298
-0.46000000834465027,0.102458156645298
-0.46000000834465027,0.102458156645298
-0.46000000834465027,0.102458156645298
-0.46000000834465027,0.102458156645298
-0.46000000834465027,0.102458156645298
-0.46000000834465027,0.102458156645298
-0.46000000834465027,0.102458156645298
-0.46000000834465027,0.102458156645298
-0.46000000834465027,0.102458156645298
-0.46000000834465027,0.102458156645298
-0.46000000834465027,0.102458156645298
-0.46000000834465027,0.102458156645298
-0.46000000834465027,0.102458156645298
-0.46000000834465027,0.102458156645298
-0.46000000834465027,0.102458156645298
-0.46000000834465027,0.102458156645298
-0.46000000834465027,0.102458156645298
-0.46000000834465027,0.102458156645298
-0.46000000834465027,0.102458156645298
-0.46000000834465027,0.102458156645298
-0.46000000834465027,0.102458156645298
-0.46000000834465027,0.102458156645298
-0.46000000834465027,0.102458156645298
-0.46000000834465027,0.102458156645298
-0.4399999976158142,0.10415144264698029
-0.4399999976158142,0.10415144264698029
-0.4399999976158142,0.10415144264698029
-0.4399999976158142,0.10415144264698029
-0.4399999976158142,0.10415144264698029
-0.4399999976158142,0.10415144264698029
-0.4399999976158142,0.10415144264698029
-0.4399999976158142,0.10415144264698029
-0.4399999976158142,0.10415144264698029
-0.4399999976158142,0.10415144264698029
-0.4399999976158142,0.10415144264698029
-0.4399999976158142,0.10415144264698029
-0.4399999976158142,0.10415144264698029
-0.4399999976158142,0.10415144264698029
-0.4399999976158142,0.10415144264698029
-0.4399999976158142,0.10415144264698029
-0.4399999976158142,0.10415144264698029
-0.4399999976158142,0.10415144264698029
-0.4399999976158142,0.10415144264698029
-0.4399999976158142,0.10415144264698029
-0.4399999976158142,0.10415144264698029
-0.4399999976158142,0.10415144264698029
-0.4399999976158142,0.10415144264698029
-0.4399999976158142,0.10415144264698029
-0.4399999976158142,0.10415144264698029
-0.4399999976158142,0.10415144264698029
-0.4399999976158142,0.10415144264698029
-0.4399999976158142,0.10415144264698029
-0.4399999976158142,0.10415144264698029
-0.4399999976158142,0.10415144264698029
-0.4399999976158142,0.10415144264698029
-0.4399999976158142,0.10415144264698029
-0.4399999976158142,0.10415144264698029
-0.4399999976158142,0.10415144264698029
-0.4399999976158142,0.10415144264698029
-0.4399999976158142,0.10415144264698029
-0.4399999976158142,0.10415144264698029
-0.4399999976158142,0.10415144264698029
-0.4399999976158142,0.10415144264698029
-0.4399999976158142,0.10415144264698029
-0.4399999976158142,0.10415144264698029
-0.4399999976158142,0.10415144264698029
-0.4399999976158142,0.10415144264698029
-0.4399999976158142,0.10415144264698029
-0.4399999976158142,0.10415144264698029
-0.4399999976158142,0.10415144264698029
-0.4399999976158142,0.10415144264698029
-0.4399999976158142,0.10415144264698029
-0.4399999976158142,0.10415144264698029
-0.4399999976158142,0.10415144264698029
-0.4399999976158142,0.10415144264698029
-0.4399999976158142,0.10415144264698029
-0.4399999976158142,0.10415144264698029
-0.4399999976158142,0.10415144264698029
-0.4399999976158142,0.10415144264698029
-0.4399999976158142,0.10415144264698029
-0.4399999976158142,0.10415144264698029
-0.4399999976158142,0.10415144264698029
-0.4399999976158142,0.10415144264698029
-0.4399999976158142,0.10415144264698029
-0.4399999976158142,0.10415144264698029
-0.4399999976158142,0.10415144264698029
-0.4399999976158142,0.10415144264698029
-0.4399999976158142,0.10415144264698029
-0.4399999976158142,0.10415144264698029
-0.4399999976158142,0.10415144264698029
-0.4399999976158142,0.10415144264698029
-0.4399999976158142,0.10415144264698029
-0.4399999976158142,0.10415144264698029
-0.4399999976158142,0.10415144264698029
-0.4399999976158142,0.10415144264698029
-0.4399999976158142,0.10415144264698029
-0.4399999976158142,0.10415144264698029
-0.4399999976158142,0.10415144264698029
-0.4399999976158142,0.10415144264698029
-0.4399999976158142,0.10415144264698029
-0.4399999976158142,0.10415144264698029
-0.4399999976158142,0.10415144264698029
-0.4399999976158142,0.10415144264698029
-0.4399999976158142,0.10415144264698029
-0.4399999976158142,0.10415144264698029
-0.4399999976158142,0.10415144264698029
-0.4399999976158142,0.10415144264698029
-0.4399999976158142,0.10415144264698029
-0.4399999976158142,0.10415144264698029
-0.4399999976158142,0.10415144264698029
-0.4399999976158142,0.10415144264698029
-0.4399999976158142,0.10415144264698029
-0.4399999976158142,0.10415144264698029
-0.4399999976158142,0.10415144264698029
-0.4399999976158142,0.10415144264698029
-0.4399999976158142,0.10415144264698029
-0.4399999976158142,0.10415144264698029
-0.4399999976158142,0.10415144264698029
-0.4399999976158142,0.10415144264698029
-0.4399999976158142,0.10415144264698029
-0.4399999976158142,0.10415144264698029
-0.4399999976158142,0.10415144264698029
-0.4399999976158142,0.10415144264698029
-0.4399999976158142,0.10415144264698029
-0.4399999976158142,0.10415144264698029
-0.41999998688697815,0.10584418475627899
-0.41999998688697815,0.10584418475627899
-0.41999998688697815,0.10584418475627899
-0.41999998688697815,0.10584418475627899
-0.41999998688697815,0.10584418475627899
-0.41999998688697815,0.10584418475627899
-0.41999998688697815,0.10584418475627899
-0.41999998688697815,0.10584418475627899
-0.41999998688697815,0.10584418475627899
-0.41999998688697815,0.10584418475627899
-0.41999998688697815,0.10584418475627899
-0.41999998688697815,0.10584418475627899
-0.41999998688697815,0.10584418475627899
-0.41999998688697815,0.10584418475627899
-0.41999998688697815,0.10584418475627899
-0.41999998688697815,0.10584418475627899
-0.41999998688697815,0.10584418475627899
-0.41999998688697815,0.10584418475627899
-0.41999998688697815,0.10584418475627899
-0.41999998688697815,0.10584418475627899
-0.41999998688697815,0.10584418475627899
-0.41999998688697815,0.10584418475627899
-0.41999998688697815,0.10584418475627899
-0.41999998688697815,0.10584418475627899
-0.41999998688697815,0.10584418475627899
-0.41999998688697815,0.10584418475627899
-0.41999998688697815,0.10584418475627899
-0.41999998688697815,0.10584418475627899
-0.41999998688697815,0.10584418475627899
-0.41999998688697815,0.10584418475627899
-0.41999998688697815,0.10584418475627899
-0.41999998688697815,0.10584418475627899
-0.41999998688697815,0.10584418475627899
-0.41999998688697815,0.10584418475627899
-0.41999998688697815,0.10584418475627899
-0.41999998688697815,0.10584418475627899
-0.41999998688697815,0.10584418475627899
-0.41999998688697815,0.10584418475627899
-0.41999998688697815,0.10584418475627899
-0.41999998688697815,0.10584418475627899
-0.41999998688697815,0.10584418475627899
-0.41999998688697815,0.10584418475627899
-0.41999998688697815,0.10584418475627899
-0.41999998688697815,0.10584418475627899
-0.41999998688697815,0.10584418475627899
-0.41999998688697815,0.10584418475627899
-0.41999998688697815,0.10584418475627899
-0.41999998688697815,0.10584418475627899
-0.41999998688697815,0.10584418475627899
-0.41999998688697815,0.10584418475627899
-0.41999998688697815,0.10584418475627899
-0.41999998688697815,0.10584418475627899
-0.41999998688697815,0.10584418475627899
-0.41999998688697815,0.10584418475627899
-0.41999998688697815,0.10584418475627899
-0.41999998688697815,0.10584418475627899
-0.41999998688697815,0.10584418475627899
-0.41999998688697815,0.10584418475627899
-0.41999998688697815,0.10584418475627899
-0.41999998688697815,0.10584418475627899
-0.41999998688697815,0.10584418475627899
-0.41999998688697815,0.10584418475627899
-0.41999998688697815,0.10584418475627899
-0.41999998688697815,0.10584418475627899
-0.41999998688697815,0.10584418475627899
-0.41999998688697815,0.10584418475627899
-0.41999998688697815,0.10584418475627899
-0.41999998688697815,0.10584418475627899
-0.41999998688697815,0.10584418475627899
-0.41999998688697815,0.10584418475627899
-0.41999998688697815,0.10584418475627899
-0.41999998688697815,0.10584418475627899
-0.41999998688697815,0.10584418475627899
-0.41999998688697815,0.10584418475627899
-0.41999998688697815,0.10584418475627899
-0.41999998688697815,0.10584418475627899
-0.41999998688697815,0.10584418475627899
-0.41999998688697815,0.10584418475627899
-0.41999998688697815,0.10584418475627899
-0.41999998688697815,0.10584418475627899
-0.41999998688697815,0.10584418475627899
-0.41999998688697815,0.10584418475627899
-0.41999998688697815,0.10584418475627899
-0.41999998688697815,0.10584418475627899
-0.41999998688697815,0.10584418475627899
-0.41999998688697815,0.10584418475627899
-0.41999998688697815,0.10584418475627899
-0.41999998688697815,0.10584418475627899
-0.41999998688697815,0.10584418475627899
-0.41999998688697815,0.10584418475627899
-0.41999998688697815,0.10584418475627899
-0.41999998688697815,0.10584418475627899
-0.41999998688697815,0.10584418475627899
-0.41999998688697815,0.10584418475627899
-0.41999998688697815,0.10584418475627899
-0.41999998688697815,0.10584418475627899
-0.41999998688697815,0.10584418475627899
-0.41999998688697815,0.10584418475627899
-0.41999998688697815,0.10584418475627899
-0.41999998688697815,0.10584418475627899
-0.41999998688697815,0.10584418475627899
-0.4000000059604645,0.10753609240055084
-0.4000000059604645,0.10753609240055084
-0.4000000059604645,0.10753609240055084
-0.4000000059604645,0.10753609240055084
-0.4000000059604645,0.10753609240055084
-0.4000000059604645,0.10753609240055084
-0.4000000059604645,0.10753609240055084
-0.4000000059604645,0.10753609240055084
-0.4000000059604645,0.10753609240055084
-0.4000000059604645,0.10753609240055084
-0.4000000059604645,0.10753609240055084
-0.4000000059604645,0.10753609240055084
-0.4000000059604645,0.10753609240055084
-0.4000000059604645,0.10753609240055084
-0.4000000059604645,0.10753609240055084
-0.4000000059604645,0.10753609240055084
-0.4000000059604645,0.10753609240055084
-0.4000000059604645,0.10753609240055084
-0.4000000059604645,0.10753609240055084
-0.4000000059604645,0.10753609240055084
-0.4000000059604645,0.10753609240055084
-0.4000000059604645,0.10753609240055084
-0.4000000059604645,0.10753609240055084
-0.4000000059604645,0.10753609240055084
-0.4000000059604645,0.10753609240055084
-0.4000000059604645,0.10753609240055084
-0.4000000059604645,0.10753609240055084
-0.4000000059604645,0.10753609240055084
-0.4000000059604645,0.10753609240055084
-0.4000000059604645,0.10753609240055084
-0.4000000059604645,0.10753609240055084
-0.4000000059604645,0.10753609240055084
-0.4000000059604645,0.10753609240055084
-0.4000000059604645,0.10753609240055084
-0.4000000059604645,0.10753609240055084
-0.4000000059604645,0.10753609240055084
-0.4000000059604645,0.10753609240055084
-0.4000000059604645,0.10753609240055084
-0.4000000059604645,0.10753609240055084
-0.4000000059604645,0.10753609240055084
-0.4000000059604645,0.10753609240055084
-0.4000000059604645,0.10753609240055084
-0.4000000059604645,0.10753609240055084
-0.4000000059604645,0.10753609240055084
-0.4000000059604645,0.10753609240055084
-0.4000000059604645,0.10753609240055084
-0.4000000059604645,0.10753609240055084
-0.4000000059604645,0.10753609240055084
-0.4000000059604645,0.10753609240055084
-0.4000000059604645,0.10753609240055084
-0.4000000059604645,0.10753609240055084
-0.4000000059604645,0.10753609240055084
-0.4000000059604645,0.10753609240055084
-0.4000000059604645,0.10753609240055084
-0.4000000059604645,0.10753609240055084
-0.4000000059604645,0.10753609240055084
-0.4000000059604645,0.10753609240055084
-0.4000000059604645,0.10753609240055084
-0.4000000059604645,0.10753609240055084
-0.4000000059604645,0.10753609240055084
-0.4000000059604645,0.10753609240055084
-0.4000000059604645,0.10753609240055084
-0.4000000059604645,0.10753609240055084
-0.4000000059604645,0.10753609240055084
-0.4000000059604645,0.10753609240055084
-0.4000000059604645,0.10753609240055084
-0.4000000059604645,0.10753609240055084
-0.4000000059604645,0.10753609240055084
-0.4000000059604645,0.10753609240055084
-0.4000000059604645,0.10753609240055084
-0.4000000059604645,0.10753609240055084
-0.4000000059604645,0.10753609240055084
-0.4000000059604645,0.10753609240055084
-0.4000000059604645,0.10753609240055084
-0.4000000059604645,0.10753609240055084
-0.4000000059604645,0.10753609240055084
-0.4000000059604645,0.10753609240055084
-0.4000000059604645,0.10753609240055084
-0.4000000059604645,0.10753609240055084
-0.4000000059604645,0.10753609240055084
-0.4000000059604645,0.10753609240055084
-0.4000000059604645,0.10753609240055084
-0.4000000059604645,0.10753609240055084
-0.4000000059604645,0.10753609240055084
-0.4000000059604645,0.10753609240055084
-0.4000000059604645,0.10753609240055084
-0.4000000059604645,0.10753609240055084
-0.4000000059604645,0.10753609240055084
-0.4000000059604645,0.10753609240055084
-0.4000000059604645,0.10753609240055084
-0.4000000059604645,0.10753609240055084
-0.4000000059604645,0.10753609240055084
-0.4000000059604645,0.10753609240055084
-0.4000000059604645,0.10753609240055084
-0.4000000059604645,0.10753609240055084
-0.4000000059604645,0.10753609240055084
-0.4000000059604645,0.10753609240055084
-0.4000000059604645,0.10753609240055084
-0.4000000059604645,0.10753609240055084
-0.4000000059604645,0.10753609240055084
-0.4000000059604645,0.10753609240055084
-0.3799999952316284,0.10922694206237793
-0.3799999952316284,0.10922694206237793
-0.3799999952316284,0.10922694206237793
-0.3799999952316284,0.10922694206237793
-0.3799999952316284,0.10922694206237793
-0.3799999952316284,0.10922694206237793
-0.3799999952316284,0.10922694206237793
-0.3799999952316284,0.10922694206237793
-0.3799999952316284,0.10922694206237793
-0.3799999952316284,0.10922694206237793
-0.3799999952316284,0.10922694206237793
-0.3799999952316284,0.10922694206237793
-0.3799999952316284,0.10922694206237793
-0.3799999952316284,0.10922694206237793
-0.3799999952316284,0.10922694206237793
-0.3799999952316284,0.10922694206237793
-0.3799999952316284,0.10922694206237793
-0.3799999952316284,0.10922694206237793
-0.3799999952316284,0.10922694206237793
-0.3799999952316284,0.10922694206237793
-0.3799999952316284,0.10922694206237793
-0.3799999952316284,0.10922694206237793
-0.3799999952316284,0.10922694206237793
-0.3799999952316284,0.10922694206237793
-0.3799999952316284,0.10922694206237793
-0.3799999952316284,0.10922694206237793
-0.3799999952316284,0.10922694206237793
-0.3799999952316284,0.10922694206237793
-0.3799999952316284,0.10922694206237793
-0.3799999952316284,0.10922694206237793
-0.3799999952316284,0.10922694206237793
-0.3799999952316284,0.10922694206237793
-0.3799999952316284,0.10922694206237793
-0.3799999952316284,0.10922694206237793
-0.3799999952316284,0.10922694206237793
-0.3799999952316284,0.10922694206237793
-0.3799999952316284,0.10922694206237793
-0.3799999952316284,0.10922694206237793
-0.3799999952316284,0.10922694206237793
-0.3799999952316284,0.10922694206237793
-0.3799999952316284,0.10922694206237793
-0.3799999952316284,0.10922694206237793
-0.3799999952316284,0.10922694206237793
-0.3799999952316284,0.10922694206237793
-0.3799999952316284,0.10922694206237793
-0.3799999952316284,0.10922694206237793
-0.3799999952316284,0.10922694206237793
-0.3799999952316284,0.10922694206237793
-0.3799999952316284,0.10922694206237793
-0.3799999952316284,0.10922694206237793
-0.3799999952316284,0.10922694206237793
-0.3799999952316284,0.10922694206237793
-0.3799999952316284,0.10922694206237793
-0.3799999952316284,0.10922694206237793
-0.3799999952316284,0.10922694206237793
-0.3799999952316284,0.10922694206237793
-0.3799999952316284,0.10922694206237793
-0.3799999952316284,0.10922694206237793
-0.3799999952316284,0.10922694206237793
-0.3799999952316284,0.10922694206237793
-0.3799999952316284,0.10922694206237793
-0.3799999952316284,0.10922694206237793
-0.3799999952316284,0.10922694206237793
-0.3799999952316284,0.10922694206237793
-0.3799999952316284,0.10922694206237793
-0.3799999952316284,0.10922694206237793
-0.3799999952316284,0.10922694206237793
-0.3799999952316284,0.10922694206237793
-0.3799999952316284,0.10922694206237793
-0.3799999952316284,0.10922694206237793
-0.3799999952316284,0.10922694206237793
-0.3799999952316284,0.10922694206237793
-0.3799999952316284,0.10922694206237793
-0.3799999952316284,0.10922694206237793
-0.3799999952316284,0.10922694206237793
-0.3799999952316284,0.10922694206237793
-0.3799999952316284,0.10922694206237793
-0.3799999952316284,0.10922694206237793
-0.3799999952316284,0.10922694206237793
-0.3799999952316284,0.10922694206237793
-0.3799999952316284,0.10922694206237793
-0.3799999952316284,0.10922694206237793
-0.3799999952316284,0.10922694206237793
-0.3799999952316284,0.10922694206237793
-0.3799999952316284,0.10922694206237793
-0.3799999952316284,0.10922694206237793
-0.3799999952316284,0.10922694206237793
-0.3799999952316284,0.10922694206237793
-0.3799999952316284,0.10922694206237793
-0.3799999952316284,0.10922694206237793
-0.3799999952316284,0.10922694206237793
-0.3799999952316284,0.10922694206237793
-0.3799999952316284,0.10922694206237793
-0.3799999952316284,0.10922694206237793
-0.3799999952316284,0.10922694206237793
-0.3799999952316284,0.10922694206237793
-0.3799999952316284,0.10922694206237793
-0.3799999952316284,0.10922694206237793
-0.3799999952316284,0.10922694206237793
-0.3799999952316284,0.10922694206237793
-0.3799999952316284,0.10922694206237793
-0.36000001430511475,0.11091641336679459
-0.36000001430511475,0.11091641336679459
-0.36000001430511475,0.11091641336679459
-0.36000001430511475,0.11091641336679459
-0.36000001430511475,0.11091641336679459
-0.36000001430511475,0.11091641336679459
-0.36000001430511475,0.11091641336679459
-0.36000001430511475,0.11091641336679459
-0.36000001430511475,0.11091641336679459
-0.36000001430511475,0.11091641336679459
-0.36000001430511475,0.11091641336679459
-0.36000001430511475,0.11091641336679459
-0.36000001430511475,0.11091641336679459
-0.36000001430511475,0.11091641336679459
-0.36000001430511475,0.11091641336679459
-0.36000001430511475,0.11091641336679459
-0.36000001430511475,0.11091641336679459
-0.36000001430511475,0.11091641336679459
-0.36000001430511475,0.11091641336679459
-0.36000001430511475,0.11091641336679459
-0.36000001430511475,0.11091641336679459
-0.36000001430511475,0.11091641336679459
-0.36000001430511475,0.11091641336679459
-0.36000001430511475,0.11091641336679459
-0.36000001430511475,0.11091641336679459
-0.36000001430511475,0.11091641336679459
-0.36000001430511475,0.11091641336679459
-0.36000001430511475,0.11091641336679459
-0.36000001430511475,0.11091641336679459
-0.36000001430511475,0.11091641336679459
-0.36000001430511475,0.11091641336679459
-0.36000001430511475,0.11091641336679459
-0.36000001430511475,0.11091641336679459
-0.36000001430511475,0.11091641336679459
-0.36000001430511475,0.11091641336679459
-0.36000001430511475,0.11091641336679459
-0.36000001430511475,0.11091641336679459
-0.36000001430511475,0.11091641336679459
-0.36000001430511475,0.11091641336679459
-0.36000001430511475,0.11091641336679459
-0.36000001430511475,0.11091641336679459
-0.36000001430511475,0.11091641336679459
-0.36000001430511475,0.11091641336679459
-0.36000001430511475,0.11091641336679459
-0.36000001430511475,0.11091641336679459
-0.36000001430511475,0.11091641336679459
-0.36000001430511475,0.11091641336679459
-0.36000001430511475,0.11091641336679459
-0.36000001430511475,0.11091641336679459
-0.36000001430511475,0.11091641336679459
-0.36000001430511475,0.11091641336679459
-0.36000001430511475,0.11091641336679459
-0.36000001430511475,0.11091641336679459
-0.36000001430511475,0.11091641336679459
-0.36000001430511475,0.11091641336679459
-0.36000001430511475,0.11091641336679459
-0.36000001430511475,0.11091641336679459
-0.36000001430511475,0.11091641336679459
-0.36000001430511475,0.11091641336679459
-0.36000001430511475,0.11091641336679459
-0.36000001430511475,0.11091641336679459
-0.36000001430511475,0.11091641336679459
-0.36000001430511475,0.11091641336679459
-0.36000001430511475,0.11091641336679459
-0.36000001430511475,0.11091641336679459
-0.36000001430511475,0.11091641336679459
-0.36000001430511475,0.11091641336679459
-0.36000001430511475,0.11091641336679459
-0.36000001430511475,0.11091641336679459
-0.36000001430511475,0.11091641336679459
-0.36000001430511475,0.11091641336679459
-0.36000001430511475,0.11091641336679459
-0.36000001430511475,0.11091641336679459
-0.36000001430511475,0.11091641336679459
-0.36000001430511475,0.11091641336679459
-0.36000001430511475,0.11091641336679459
-0.36000001430511475,0.11091641336679459
-0.36000001430511475,0.11091641336679459
-0.36000001430511475,0.11091641336679459
-0.36000001430511475,0.11091641336679459
-0.36000001430511475,0.11091641336679459
-0.36000001430511475,0.11091641336679459
-0.36000001430511475,0.11091641336679459
-0.36000001430511475,0.11091641336679459
-0.36000001430511475,0.11091641336679459
-0.36000001430511475,0.11091641336679459
-0.36000001430511475,0.11091641336679459
-0.36000001430511475,0.11091641336679459
-0.36000001430511475,0.11091641336679459
-0.36000001430511475,0.11091641336679459
-0.36000001430511475,0.11091641336679459
-0.36000001430511475,0.11091641336679459
-0.36000001430511475,0.11091641336679459
-0.36000001430511475,0.11091641336679459
-0.36000001430511475,0.11091641336679459
-0.36000001430511475,0.11091641336679459
-0.36000001430511475,0.11091641336679459
-0.36000001430511475,0.11091641336679459
-0.36000001430511475,0.11091641336679459
-0.36000001430511475,0.11091641336679459
-0.36000001430511475,0.11091641336679459
-0.3400000035762787,0.11260423809289932
-0.3400000035762787,0.11260423809289932
-0.3400000035762787,0.11260423809289932
-0.3400000035762787,0.11260423809289932
-0.3400000035762787,0.11260423809289932
-0.3400000035762787,0.11260423809289932
-0.3400000035762787,0.11260423809289932
-0.3400000035762787,0.11260423809289932
-0.3400000035762787,0.11260423809289932
-0.3400000035762787,0.11260423809289932
-0.3400000035762787,0.11260423809289932
-0.3400000035762787,0.11260423809289932
-0.3400000035762787,0.11260423809289932
-0.3400000035762787,0.11260423809289932
-0.3400000035762787,0.11260423809289932
-0.3400000035762787,0.11260423809289932
-0.3400000035762787,0.11260423809289932
-0.3400000035762787,0.11260423809289932
-0.3400000035762787,0.11260423809289932
-0.3400000035762787,0.11260423809289932
-0.3400000035762787,0.11260423809289932
-0.3400000035762787,0.11260423809289932
-0.3400000035762787,0.11260423809289932
-0.3400000035762787,0.11260423809289932
-0.3400000035762787,0.11260423809289932
-0.3400000035762787,0.11260423809289932
-0.3400000035762787,0.11260423809289932
-0.3400000035762787,0.11260423809289932
-0.3400000035762787,0.11260423809289932
-0.3400000035762787,0.11260423809289932
-0.3400000035762787,0.11260423809289932
-0.3400000035762787,0.11260423809289932
-0.3400000035762787,0.11260423809289932
-0.3400000035762787,0.11260423809289932
-0.3400000035762787,0.11260423809289932
-0.3400000035762787,0.11260423809289932
-0.3400000035762787,0.11260423809289932
-0.3400000035762787,0.11260423809289932
-0.3400000035762787,0.11260423809289932
-0.3400000035762787,0.11260423809289932
-0.3400000035762787,0.11260423809289932
-0.3400000035762787,0.11260423809289932
-0.3400000035762787,0.11260423809289932
-0.3400000035762787,0.11260423809289932
-0.3400000035762787,0.11260423809289932
-0.3400000035762787,0.11260423809289932
-0.3400000035762787,0.11260423809289932
-0.3400000035762787,0.11260423809289932
-0.3400000035762787,0.11260423809289932
-0.3400000035762787,0.11260423809289932
-0.3400000035762787,0.11260423809289932
-0.3400000035762787,0.11260423809289932
-0.3400000035762787,0.11260423809289932
-0.3400000035762787,0.11260423809289932
-0.3400000035762787,0.11260423809289932
-0.3400000035762787,0.11260423809289932
-0.3400000035762787,0.11260423809289932
-0.3400000035762787,0.11260423809289932
-0.3400000035762787,0.11260423809289932
-0.3400000035762787,0.11260423809289932
-0.3400000035762787,0.11260423809289932
-0.3400000035762787,0.11260423809289932
-0.3400000035762787,0.11260423809289932
-0.3400000035762787,0.11260423809289932
-0.3400000035762787,0.11260423809289932
-0.3400000035762787,0.11260423809289932
-0.3400000035762787,0.11260423809289932
-0.3400000035762787,0.11260423809289932
-0.3400000035762787,0.11260423809289932
-0.3400000035762787,0.11260423809289932
-0.3400000035762787,0.11260423809289932
-0.3400000035762787,0.11260423809289932
-0.3400000035762787,0.11260423809289932
-0.3400000035762787,0.11260423809289932
-0.3400000035762787,0.11260423809289932
-0.3400000035762787,0.11260423809289932
-0.3400000035762787,0.11260423809289932
-0.3400000035762787,0.11260423809289932
-0.3400000035762787,0.11260423809289932
-0.3400000035762787,0.11260423809289932
-0.3400000035762787,0.11260423809289932
-0.3400000035762787,0.11260423809289932
-0.3400000035762787,0.11260423809289932
-0.3400000035762787,0.11260423809289932
-0.3400000035762787,0.11260423809289932
-0.3400000035762787,0.11260423809289932
-0.3400000035762787,0.11260423809289932
-0.3400000035762787,0.11260423809289932
-0.3400000035762787,0.11260423809289932
-0.3400000035762787,0.11260423809289932
-0.3400000035762787,0.11260423809289932
-0.3400000035762787,0.11260423809289932
-0.3400000035762787,0.11260423809289932
-0.3400000035762787,0.11260423809289932
-0.3400000035762787,0.11260423809289932
-0.3400000035762787,0.11260423809289932
-0.3400000035762787,0.11260423809289932
-0.3400000035762787,0.11260423809289932
-0.3400000035762787,0.11260423809289932
-0.3400000035762787,0.11260423809289932
-0.3400000035762787,0.11260423809289932
-0.3199999928474426,0.11429014056921005
-0.3199999928474426,0.11429014056921005
-0.3199999928474426,0.11429014056921005
-0.3199999928474426,0.11429014056921005
-0.3199999928474426,0.11429014056921005
-0.3199999928474426,0.11429014056921005
-0.3199999928474426,0.11429014056921005
-0.3199999928474426,0.11429014056921005
-0.3199999928474426,0.11429014056921005
-0.3199999928474426,0.11429014056921005
-0.3199999928474426,0.11429014056921005
-0.3199999928474426,0.11429014056921005
-0.3199999928474426,0.11429014056921005
-0.3199999928474426,0.11429014056921005
-0.3199999928474426,0.11429014056921005
-0.3199999928474426,0.11429014056921005
-0.3199999928474426,0.11429014056921005
-0.3199999928474426,0.11429014056921005
-0.3199999928474426,0.11429014056921005
-0.3199999928474426,0.11429014056921005
-0.3199999928474426,0.11429014056921005
-0.3199999928474426,0.11429014056921005
-0.3199999928474426,0.11429014056921005
-0.3199999928474426,0.11429014056921005
-0.3199999928474426,0.11429014056921005
-0.3199999928474426,0.11429014056921005
-0.3199999928474426,0.11429014056921005
-0.3199999928474426,0.11429014056921005
-0.3199999928474426,0.11429014056921005
-0.3199999928474426,0.11429014056921005
-0.3199999928474426,0.11429014056921005
-0.3199999928474426,0.11429014056921005
-0.3199999928474426,0.11429014056921005
-0.3199999928474426,0.11429014056921005
-0.3199999928474426,0.11429014056921005
-0.3199999928474426,0.11429014056921005
-0.3199999928474426,0.11429014056921005
-0.3199999928474426,0.11429014056921005
-0.3199999928474426,0.11429014056921005
-0.3199999928474426,0.11429014056921005
-0.3199999928474426,0.11429014056921005
-0.3199999928474426,0.11429014056921005
-0.3199999928474426,0.11429014056921005
-0.3199999928474426,0.11429014056921005
-0.3199999928474426,0.11429014056921005
-0.3199999928474426,0.11429014056921005
-0.3199999928474426,0.11429014056921005
-0.3199999928474426,0.11429014056921005
-0.3199999928474426,0.11429014056921005
-0.3199999928474426,0.11429014056921005
-0.3199999928474426,0.11429014056921005
-0.3199999928474426,0.11429014056921005
-0.3199999928474426,0.11429014056921005
-0.3199999928474426,0.11429014056921005
-0.3199999928474426,0.11429014056921005
-0.3199999928474426,0.11429014056921005
-0.3199999928474426,0.11429014056921005
-0.3199999928474426,0.11429014056921005
-0.3199999928474426,0.11429014056921005
-0.3199999928474426,0.11429014056921005
-0.3199999928474426,0.11429014056921005
-0.3199999928474426,0.11429014056921005
-0.3199999928474426,0.11429014056921005
-0.3199999928474426,0.11429014056921005
-0.3199999928474426,0.11429014056921005
-0.3199999928474426,0.11429014056921005
-0.3199999928474426,0.11429014056921005
-0.3199999928474426,0.11429014056921005
-0.3199999928474426,0.11429014056921005
-0.3199999928474426,0.11429014056921005
-0.3199999928474426,0.11429014056921005
-0.3199999928474426,0.11429014056921005
-0.3199999928474426,0.11429014056921005
-0.3199999928474426,0.11429014056921005
-0.3199999928474426,0.11429014056921005
-0.3199999928474426,0.11429014056921005
-0.3199999928474426,0.11429014056921005
-0.3199999928474426,0.11429014056921005
-0.3199999928474426,0.11429014056921005
-0.3199999928474426,0.11429014056921005
-0.3199999928474426,0.11429014056921005
-0.3199999928474426,0.11429014056921005
-0.3199999928474426,0.11429014056921005
-0.3199999928474426,0.11429014056921005
-0.3199999928474426,0.11429014056921005
-0.3199999928474426,0.11429014056921005
-0.3199999928474426,0.11429014056921005
-0.3199999928474426,0.11429014056921005
-0.3199999928474426,0.11429014056921005
-0.3199999928474426,0.11429014056921005
-0.3199999928474426,0.11429014056921005
-0.3199999928474426,0.11429014056921005
-0.3199999928474426,0.11429014056921005
-0.3199999928474426,0.11429014056921005
-0.3199999928474426,0.11429014056921005
-0.3199999928474426,0.11429014056921005
-0.3199999928474426,0.11429014056921005
-0.3199999928474426,0.11429014056921005
-0.3199999928474426,0.11429014056921005
-0.3199999928474426,0.11429014056921005
-0.3199999928474426,0.11429014056921005
-0.30000001192092896,0.11597424000501633
-0.30000001192092896,0.11597424000501633
-0.30000001192092896,0.11597424000501633
-0.30000001192092896,0.11597424000501633
-0.30000001192092896,0.11597424000501633
-0.30000001192092896,0.11597424000501633
-0.30000001192092896,0.11597424000501633
-0.30000001192092896,0.11597424000501633
-0.30000001192092896,0.11597424000501633
-0.30000001192092896,0.11597424000501633
-0.30000001192092896,0.11597424000501633
-0.30000001192092896,0.11597424000501633
-0.30000001192092896,0.11597424000501633
-0.30000001192092896,0.11597424000501633
-0.30000001192092896,0.11597424000501633
-0.30000001192092896,0.11597424000501633
-0.30000001192092896,0.11597424000501633
-0.30000001192092896,0.11597424000501633
-0.30000001192092896,0.11597424000501633
-0.30000001192092896,0.11597424000501633
-0.30000001192092896,0.11597424000501633
-0.30000001192092896,0.11597424000501633
-0.30000001192092896,0.11597424000501633
-0.30000001192092896,0.11597424000501633
-0.30000001192092896,0.11597424000501633
-0.30000001192092896,0.11597424000501633
-0.30000001192092896,0.11597424000501633
-0.30000001192092896,0.11597424000501633
-0.30000001192092896,0.11597424000501633
-0.30000001192092896,0.11597424000501633
-0.30000001192092896,0.11597424000501633
-0.30000001192092896,0.11597424000501633
-0.30000001192092896,0.11597424000501633
-0.30000001192092896,0.11597424000501633
-0.30000001192092896,0.11597424000501633
-0.30000001192092896,0.11597424000501633
-0.30000001192092896,0.11597424000501633
-0.30000001192092896,0.11597424000501633
-0.30000001192092896,0.11597424000501633
-0.30000001192092896,0.11597424000501633
-0.30000001192092896,0.11597424000501633
-0.30000001192092896,0.11597424000501633
-0.30000001192092896,0.11597424000501633
-0.30000001192092896,0.11597424000501633
-0.30000001192092896,0.11597424000501633
-0.30000001192092896,0.11597424000501633
-0.30000001192092896,0.11597424000501633
-0.30000001192092896,0.11597424000501633
-0.30000001192092896,0.11597424000501633
-0.30000001192092896,0.11597424000501633
-0.30000001192092896,0.11597424000501633
-0.30000001192092896,0.11597424000501633
-0.30000001192092896,0.11597424000501633
-0.30000001192092896,0.11597424000501633
-0.30000001192092896,0.11597424000501633
-0.30000001192092896,0.11597424000501633
-0.30000001192092896,0.11597424000501633
-0.30000001192092896,0.11597424000501633
-0.30000001192092896,0.11597424000501633
-0.30000001192092896,0.11597424000501633
-0.30000001192092896,0.11597424000501633
-0.30000001192092896,0.11597424000501633
-0.30000001192092896,0.11597424000501633
-0.30000001192092896,0.11597424000501633
-0.30000001192092896,0.11597424000501633
-0.30000001192092896,0.11597424000501633
-0.30000001192092896,0.11597424000501633
-0.30000001192092896,0.11597424000501633
-0.30000001192092896,0.11597424000501633
-0.30000001192092896,0.11597424000501633
-0.30000001192092896,0.11597424000501633
-0.30000001192092896,0.11597424000501633
-0.30000001192092896,0.11597424000501633
-0.30000001192092896,0.11597424000501633
-0.30000001192092896,0.11597424000501633
-0.30000001192092896,0.11597424000501633
-0.30000001192092896,0.11597424000501633
-0.30000001192092896,0.11597424000501633
-0.30000001192092896,0.11597424000501633
-0.30000001192092896,0.11597424000501633
-0.30000001192092896,0.11597424000501633
-0.30000001192092896,0.11597424000501633
-0.30000001192092896,0.11597424000501633
-0.30000001192092896,0.11597424000501633
-0.30000001192092896,0.11597424000501633
-0.30000001192092896,0.11597424000501633
-0.30000001192092896,0.11597424000501633
-0.30000001192092896,0.11597424000501633
-0.30000001192092896,0.11597424000501633
-0.30000001192092896,0.11597424000501633
-0.30000001192092896,0.11597424000501633
-0.30000001192092896,0.11597424000501633
-0.30000001192092896,0.11597424000501633
-0.30000001192092896,0.11597424000501633
-0.30000001192092896,0.11597424000501633
-0.30000001192092896,0.11597424000501633
-0.30000001192092896,0.11597424000501633
-0.30000001192092896,0.11597424000501633
-0.30000001192092896,0.11597424000501633
-0.30000001192092896,0.11597424000501633
-0.30000001192092896,0.11597424000501633
-0.2800000011920929,0.11765680462121964
-0.2800000011920929,0.11765680462121964
-0.2800000011920929,0.11765680462121964
-0.2800000011920929,0.11765680462121964
-0.2800000011920929,0.11765680462121964
-0.2800000011920929,0.11765680462121964
-0.2800000011920929,0.11765680462121964
-0.2800000011920929,0.11765680462121964
-0.2800000011920929,0.11765680462121964
-0.2800000011920929,0.11765680462121964
-0.2800000011920929,0.11765680462121964
-0.2800000011920929,0.11765680462121964
-0.2800000011920929,0.11765680462121964
-0.2800000011920929,0.11765680462121964
-0.2800000011920929,0.11765680462121964
-0.2800000011920929,0.11765680462121964
-0.2800000011920929,0.11765680462121964
-0.2800000011920929,0.11765680462121964
-0.2800000011920929,0.11765680462121964
-0.2800000011920929,0.11765680462121964
-0.2800000011920929,0.11765680462121964
-0.2800000011920929,0.11765680462121964
-0.2800000011920929,0.11765680462121964
-0.2800000011920929,0.11765680462121964
-0.2800000011920929,0.11765680462121964
-0.2800000011920929,0.11765680462121964
-0.2800000011920929,0.11765680462121964
-0.2800000011920929,0.11765680462121964
-0.2800000011920929,0.11765680462121964
-0.2800000011920929,0.11765680462121964
-0.2800000011920929,0.11765680462121964
-0.2800000011920929,0.11765680462121964
-0.2800000011920929,0.11765680462121964
-0.2800000011920929,0.11765680462121964
-0.2800000011920929,0.11765680462121964
-0.2800000011920929,0.11765680462121964
-0.2800000011920929,0.11765680462121964
-0.2800000011920929,0.11765680462121964
-0.2800000011920929,0.11765680462121964
-0.2800000011920929,0.11765680462121964
-0.2800000011920929,0.11765680462121964
-0.2800000011920929,0.11765680462121964
-0.2800000011920929,0.11765680462121964
-0.2800000011920929,0.11765680462121964
-0.2800000011920929,0.11765680462121964
-0.2800000011920929,0.11765680462121964
-0.2800000011920929,0.11765680462121964
-0.2800000011920929,0.11765680462121964
-0.2800000011920929,0.11765680462121964
-0.2800000011920929,0.11765680462121964
-0.2800000011920929,0.11765680462121964
-0.2800000011920929,0.11765680462121964
-0.2800000011920929,0.11765680462121964
-0.2800000011920929,0.11765680462121964
-0.2800000011920929,0.11765680462121964
-0.2800000011920929,0.11765680462121964
-0.2800000011920929,0.11765680462121964
-0.2800000011920929,0.11765680462121964
-0.2800000011920929,0.11765680462121964
-0.2800000011920929,0.11765680462121964
-0.2800000011920929,0.11765680462121964
-0.2800000011920929,0.11765680462121964
-0.2800000011920929,0.11765680462121964
-0.2800000011920929,0.11765680462121964
-0.2800000011920929,0.11765680462121964
-0.2800000011920929,0.11765680462121964
-0.2800000011920929,0.11765680462121964
-0.2800000011920929,0.11765680462121964
-0.2800000011920929,0.11765680462121964
-0.2800000011920929,0.11765680462121964
-0.2800000011920929,0.11765680462121964
-0.2800000011920929,0.11765680462121964
-0.2800000011920929,0.11765680462121964
-0.2800000011920929,0.11765680462121964
-0.2800000011920929,0.11765680462121964
-0.2800000011920929,0.11765680462121964
-0.2800000011920929,0.11765680462121964
-0.2800000011920929,0.11765680462121964
-0.2800000011920929,0.11765680462121964
-0.2800000011920929,0.11765680462121964
-0.2800000011920929,0.11765680462121964
-0.2800000011920929,0.11765680462121964
-0.2800000011920929,0.11765680462121964
-0.2800000011920929,0.11765680462121964
-0.2800000011920929,0.11765680462121964
-0.2800000011920929,0.11765680462121964
-0.2800000011920929,0.11765680462121964
-0.2800000011920929,0.11765680462121964
-0.2800000011920929,0.11765680462121964
-0.2800000011920929,0.11765680462121964
-0.2800000011920929,0.11765680462121964
-0.2800000011920929,0.11765680462121964
-0.2800000011920929,0.11765680462121964
-0.2800000011920929,0.11765680462121964
-0.2800000011920929,0.11765680462121964
-0.2800000011920929,0.11765680462121964
-0.2800000011920929,0.11765680462121964
-0.2800000011920929,0.11765680462121964
-0.2800000011920929,0.11765680462121964
-0.2800000011920929,0.11765680462121964
-0.2800000011920929,0.11765680462121964
-0.25999999046325684,0.11933816969394684
-0.25999999046325684,0.11933816969394684
-0.25999999046325684,0.11933816969394684
-0.25999999046325684,0.11933816969394684
-0.25999999046325684,0.11933816969394684
-0.25999999046325684,0.11933816969394684
-0.25999999046325684,0.11933816969394684
-0.25999999046325684,0.11933816969394684
-0.25999999046325684,0.11933816969394684
-0.25999999046325684,0.11933816969394684
-0.25999999046325684,0.11933816969394684
-0.25999999046325684,0.11933816969394684
-0.25999999046325684,0.11933816969394684
-0.25999999046325684,0.11933816969394684
-0.25999999046325684,0.11933816969394684
-0.25999999046325684,0.11933816969394684
-0.25999999046325684,0.11933816969394684
-0.25999999046325684,0.11933816969394684
-0.25999999046325684,0.11933816969394684
-0.25999999046325684,0.11933816969394684
-0.25999999046325684,0.11933816969394684
-0.25999999046325684,0.11933816969394684
-0.25999999046325684,0.11933816969394684
-0.25999999046325684,0.11933816969394684
-0.25999999046325684,0.11933816969394684
-0.25999999046325684,0.11933816969394684
-0.25999999046325684,0.11933816969394684
-0.25999999046325684,0.11933816969394684
-0.25999999046325684,0.11933816969394684
-0.25999999046325684,0.11933816969394684
-0.25999999046325684,0.11933816969394684
-0.25999999046325684,0.11933816969394684
-0.25999999046325684,0.11933816969394684
-0.25999999046325684,0.11933816969394684
-0.25999999046325684,0.11933816969394684
-0.25999999046325684,0.11933816969394684
-0.25999999046325684,0.11933816969394684
-0.25999999046325684,0.11933816969394684
-0.25999999046325684,0.11933816969394684
-0.25999999046325684,0.11933816969394684
-0.25999999046325684,0.11933816969394684
-0.25999999046325684,0.11933816969394684
-0.25999999046325684,0.11933816969394684
-0.25999999046325684,0.11933816969394684
-0.25999999046325684,0.11933816969394684
-0.25999999046325684,0.11933816969394684
-0.25999999046325684,0.11933816969394684
-0.25999999046325684,0.11933816969394684
-0.25999999046325684,0.11933816969394684
-0.25999999046325684,0.11933816969394684
-0.25999999046325684,0.11933816969394684
-0.25999999046325684,0.11933816969394684
-0.25999999046325684,0.11933816969394684
-0.25999999046325684,0.11933816969394684
-0.25999999046325684,0.11933816969394684
-0.25999999046325684,0.11933816969394684
-0.25999999046325684,0.11933816969394684
-0.25999999046325684,0.11933816969394684
-0.25999999046325684,0.11933816969394684
-0.25999999046325684,0.11933816969394684
-0.25999999046325684,0.11933816969394684
-0.25999999046325684,0.11933816969394684
-0.25999999046325684,0.11933816969394684
-0.25999999046325684,0.11933816969394684
-0.25999999046325684,0.11933816969394684
-0.25999999046325684,0.11933816969394684
-0.25999999046325684,0.11933816969394684
-0.25999999046325684,0.11933816969394684
-0.25999999046325684,0.11933816969394684
-0.25999999046325684,0.11933816969394684
-0.25999999046325684,0.11933816969394684
-0.25999999046325684,0.11933816969394684
-0.25999999046325684,0.11933816969394684
-0.25999999046325684,0.11933816969394684
-0.25999999046325684,0.11933816969394684
-0.25999999046325684,0.11933816969394684
-0.25999999046325684,0.11933816969394684
-0.25999999046325684,0.11933816969394684
-0.25999999046325684,0.11933816969394684
-0.25999999046325684,0.11933816969394684
-0.25999999046325684,0.11933816969394684
-0.25999999046325684,0.11933816969394684
-0.25999999046325684,0.11933816969394684
-0.25999999046325684,0.11933816969394684
-0.25999999046325684,0.11933816969394684
-0.25999999046325684,0.11933816969394684
-0.25999999046325684,0.11933816969394684
-0.25999999046325684,0.11933816969394684
-0.25999999046325684,0.11933816969394684
-0.25999999046325684,0.11933816969394684
-0.25999999046325684,0.11933816969394684
-0.25999999046325684,0.11933816969394684
-0.25999999046325684,0.11933816969394684
-0.25999999046325684,0.11933816969394684
-0.25999999046325684,0.11933816969394684
-0.25999999046325684,0.11933816969394684
-0.25999999046325684,0.11933816969394684
-0.25999999046325684,0.11933816969394684
-0.25999999046325684,0.11933816969394684
-0.25999999046325684,0.11933816969394684
-0.25999999046325684,0.11933816969394684
-0.23999999463558197,0.12101856619119644
-0.23999999463558197,0.12101856619119644
-0.23999999463558197,0.12101856619119644
-0.23999999463558197,0.12101856619119644
-0.23999999463558197,0.12101856619119644
-0.23999999463558197,0.12101856619119644
-0.23999999463558197,0.12101856619119644
-0.23999999463558197,0.12101856619119644
-0.23999999463558197,0.12101856619119644
-0.23999999463558197,0.12101856619119644
-0.23999999463558197,0.12101856619119644
-0.23999999463558197,0.12101856619119644
-0.23999999463558197,0.12101856619119644
-0.23999999463558197,0.12101856619119644
-0.23999999463558197,0.12101856619119644
-0.23999999463558197,0.12101856619119644
-0.23999999463558197,0.12101856619119644
-0.23999999463558197,0.12101856619119644
-0.23999999463558197,0.12101856619119644
-0.23999999463558197,0.12101856619119644
-0.23999999463558197,0.12101856619119644
-0.23999999463558197,0.12101856619119644
-0.23999999463558197,0.12101856619119644
-0.23999999463558197,0.12101856619119644
-0.23999999463558197,0.12101856619119644
-0.23999999463558197,0.12101856619119644
-0.23999999463558197,0.12101856619119644
-0.23999999463558197,0.12101856619119644
-0.23999999463558197,0.12101856619119644
-0.23999999463558197,0.12101856619119644
-0.23999999463558197,0.12101856619119644
-0.23999999463558197,0.12101856619119644
-0.23999999463558197,0.12101856619119644
-0.23999999463558197,0.12101856619119644
-0.23999999463558197,0.12101856619119644
-0.23999999463558197,0.12101856619119644
-0.23999999463558197,0.12101856619119644
-0.23999999463558197,0.12101856619119644
-0.23999999463558197,0.12101856619119644
-0.23999999463558197,0.12101856619119644
-0.23999999463558197,0.12101856619119644
-0.23999999463558197,0.12101856619119644
-0.23999999463558197,0.12101856619119644
-0.23999999463558197,0.12101856619119644
-0.23999999463558197,0.12101856619119644
-0.23999999463558197,0.12101856619119644
-0.23999999463558197,0.12101856619119644
-0.23999999463558197,0.12101856619119644
-0.23999999463558197,0.12101856619119644
-0.23999999463558197,0.12101856619119644
-0.23999999463558197,0.12101856619119644
-0.23999999463558197,0.12101856619119644
-0.23999999463558197,0.12101856619119644
-0.23999999463558197,0.12101856619119644
-0.23999999463558197,0.12101856619119644
-0.23999999463558197,0.12101856619119644
-0.23999999463558197,0.12101856619119644
-0.23999999463558197,0.12101856619119644
-0.23999999463558197,0.12101856619119644
-0.23999999463558197,0.12101856619119644
-0.23999999463558197,0.12101856619119644
-0.23999999463558197,0.12101856619119644
-0.23999999463558197,0.12101856619119644
-0.23999999463558197,0.12101856619119644
-0.23999999463558197,0.12101856619119644
-0.23999999463558197,0.12101856619119644
-0.23999999463558197,0.12101856619119644
-0.23999999463558197,0.12101856619119644
-0.23999999463558197,0.12101856619119644
-0.23999999463558197,0.12101856619119644
-0.23999999463558197,0.12101856619119644
-0.23999999463558197,0.12101856619119644
-0.23999999463558197,0.12101856619119644
-0.23999999463558197,0.12101856619119644
-0.23999999463558197,0.12101856619119644
-0.23999999463558197,0.12101856619119644
-0.23999999463558197,0.12101856619119644
-0.23999999463558197,0.12101856619119644
-0.23999999463558197,0.12101856619119644
-0.23999999463558197,0.12101856619119644
-0.23999999463558197,0.12101856619119644
-0.23999999463558197,0.12101856619119644
-0.23999999463558197,0.12101856619119644
-0.23999999463558197,0.12101856619119644
-0.23999999463558197,0.12101856619119644
-0.23999999463558197,0.12101856619119644
-0.23999999463558197,0.12101856619119644
-0.23999999463558197,0.12101856619119644
-0.23999999463558197,0.12101856619119644
-0.23999999463558197,0.12101856619119644
-0.23999999463558197,0.12101856619119644
-0.23999999463558197,0.12101856619119644
-0.23999999463558197,0.12101856619119644
-0.23999999463558197,0.12101856619119644
-0.23999999463558197,0.12101856619119644
-0.23999999463558197,0.12101856619119644
-0.23999999463558197,0.12101856619119644
-0.23999999463558197,0.12101856619119644
-0.23999999463558197,0.12101856619119644
-0.23999999463558197,0.12101856619119644
-0.23999999463558197,0.12101856619119644
-0.2199999988079071,0.12269823253154755
-0.2199999988079071,0.12269823253154755
-0.2199999988079071,0.12269823253154755
-0.2199999988079071,0.12269823253154755
-0.2199999988079071,0.12269823253154755
-0.2199999988079071,0.12269823253154755
-0.2199999988079071,0.12269823253154755
-0.2199999988079071,0.12269823253154755
-0.2199999988079071,0.12269823253154755
-0.2199999988079071,0.12269823253154755
-0.2199999988079071,0.12269823253154755
-0.2199999988079071,0.12269823253154755
-0.2199999988079071,0.12269823253154755
-0.2199999988079071,0.12269823253154755
-0.2199999988079071,0.12269823253154755
-0.2199999988079071,0.12269823253154755
-0.2199999988079071,0.12269823253154755
-0.2199999988079071,0.12269823253154755
-0.2199999988079071,0.12269823253154755
-0.2199999988079071,0.12269823253154755
-0.2199999988079071,0.12269823253154755
-0.2199999988079071,0.12269823253154755
-0.2199999988079071,0.12269823253154755
-0.2199999988079071,0.12269823253154755
-0.2199999988079071,0.12269823253154755
-0.2199999988079071,0.12269823253154755
-0.2199999988079071,0.12269823253154755
-0.2199999988079071,0.12269823253154755
-0.2199999988079071,0.12269823253154755
-0.2199999988079071,0.12269823253154755
-0.2199999988079071,0.12269823253154755
-0.2199999988079071,0.12269823253154755
-0.2199999988079071,0.12269823253154755
-0.2199999988079071,0.12269823253154755
-0.2199999988079071,0.12269823253154755
-0.2199999988079071,0.12269823253154755
-0.2199999988079071,0.12269823253154755
-0.2199999988079071,0.12269823253154755
-0.2199999988079071,0.12269823253154755
-0.2199999988079071,0.12269823253154755
-0.2199999988079071,0.12269823253154755
-0.2199999988079071,0.12269823253154755
-0.2199999988079071,0.12269823253154755
-0.2199999988079071,0.12269823253154755
-0.2199999988079071,0.12269823253154755
-0.2199999988079071,0.12269823253154755
-0.2199999988079071,0.12269823253154755
-0.2199999988079071,0.12269823253154755
-0.2199999988079071,0.12269823253154755
-0.2199999988079071,0.12269823253154755
-0.2199999988079071,0.12269823253154755
-0.2199999988079071,0.12269823253154755
-0.2199999988079071,0.12269823253154755
-0.2199999988079071,0.12269823253154755
-0.2199999988079071,0.12269823253154755
-0.2199999988079071,0.12269823253154755
-0.2199999988079071,0.12269823253154755
-0.2199999988079071,0.12269823253154755
-0.2199999988079071,0.12269823253154755
-0.2199999988079071,0.12269823253154755
-0.2199999988079071,0.12269823253154755
-0.2199999988079071,0.12269823253154755
-0.2199999988079071,0.12269823253154755
-0.2199999988079071,0.12269823253154755
-0.2199999988079071,0.12269823253154755
-0.2199999988079071,0.12269823253154755
-0.2199999988079071,0.12269823253154755
-0.2199999988079071,0.12269823253154755
-0.2199999988079071,0.12269823253154755
-0.2199999988079071,0.12269823253154755
-0.2199999988079071,0.12269823253154755
-0.2199999988079071,0.12269823253154755
-0.2199999988079071,0.12269823253154755
-0.2199999988079071,0.12269823253154755
-0.2199999988079071,0.12269823253154755
-0.2199999988079071,0.12269823253154755
-0.2199999988079071,0.12269823253154755
-0.2199999988079071,0.12269823253154755
-0.2199999988079071,0.12269823253154755
-0.2199999988079071,0.12269823253154755
-0.2199999988079071,0.12269823253154755
-0.2199999988079071,0.12269823253154755
-0.2199999988079071,0.12269823253154755
-0.2199999988079071,0.12269823253154755
-0.2199999988079071,0.12269823253154755
-0.2199999988079071,0.12269823253154755
-0.2199999988079071,0.12269823253154755
-0.2199999988079071,0.12269823253154755
-0.2199999988079071,0.12269823253154755
-0.2199999988079071,0.12269823253154755
-0.2199999988079071,0.12269823253154755
-0.2199999988079071,0.12269823253154755
-0.2199999988079071,0.12269823253154755
-0.2199999988079071,0.12269823253154755
-0.2199999988079071,0.12269823253154755
-0.2199999988079071,0.12269823253154755
-0.2199999988079071,0.12269823253154755
-0.2199999988079071,0.12269823253154755
-0.2199999988079071,0.12269823253154755
-0.2199999988079071,0.12269823253154755
-0.2199999988079071,0.12269823253154755
-0.20000000298023224,0.12437741458415985
-0.20000000298023224,0.12437741458415985
-0.20000000298023224,0.12437741458415985
-0.20000000298023224,0.12437741458415985
-0.20000000298023224,0.12437741458415985
-0.20000000298023224,0.12437741458415985
-0.20000000298023224,0.12437741458415985
-0.20000000298023224,0.12437741458415985
-0.20000000298023224,0.12437741458415985
-0.20000000298023224,0.12437741458415985
-0.20000000298023224,0.12437741458415985
-0.20000000298023224,0.12437741458415985
-0.20000000298023224,0.12437741458415985
-0.20000000298023224,0.12437741458415985
-0.20000000298023224,0.12437741458415985
-0.20000000298023224,0.12437741458415985
-0.20000000298023224,0.12437741458415985
-0.20000000298023224,0.12437741458415985
-0.20000000298023224,0.12437741458415985
-0.20000000298023224,0.12437741458415985
-0.20000000298023224,0.12437741458415985
-0.20000000298023224,0.12437741458415985
-0.20000000298023224,0.12437741458415985
-0.20000000298023224,0.12437741458415985
-0.20000000298023224,0.12437741458415985
-0.20000000298023224,0.12437741458415985
-0.20000000298023224,0.12437741458415985
-0.20000000298023224,0.12437741458415985
-0.20000000298023224,0.12437741458415985
-0.20000000298023224,0.12437741458415985
-0.20000000298023224,0.12437741458415985
-0.20000000298023224,0.12437741458415985
-0.20000000298023224,0.12437741458415985
-0.20000000298023224,0.12437741458415985
-0.20000000298023224,0.12437741458415985
-0.20000000298023224,0.12437741458415985
-0.20000000298023224,0.12437741458415985
-0.20000000298023224,0.12437741458415985
-0.20000000298023224,0.12437741458415985
-0.20000000298023224,0.12437741458415985
-0.20000000298023224,0.12437741458415985
-0.20000000298023224,0.12437741458415985
-0.20000000298023224,0.12437741458415985
-0.20000000298023224,0.12437741458415985
-0.20000000298023224,0.12437741458415985
-0.20000000298023224,0.12437741458415985
-0.20000000298023224,0.12437741458415985
-0.20000000298023224,0.12437741458415985
-0.20000000298023224,0.12437741458415985
-0.20000000298023224,0.12437741458415985
-0.20000000298023224,0.12437741458415985
-0.20000000298023224,0.12437741458415985
-0.20000000298023224,0.12437741458415985
-0.20000000298023224,0.12437741458415985
-0.20000000298023224,0.12437741458415985
-0.20000000298023224,0.12437741458415985
-0.20000000298023224,0.12437741458415985
-0.20000000298023224,0.12437741458415985
-0.20000000298023224,0.12437741458415985
-0.20000000298023224,0.12437741458415985
-0.20000000298023224,0.12437741458415985
-0.20000000298023224,0.12437741458415985
-0.20000000298023224,0.12437741458415985
-0.20000000298023224,0.12437741458415985
-0.20000000298023224,0.12437741458415985
-0.20000000298023224,0.12437741458415985
-0.20000000298023224,0.12437741458415985
-0.20000000298023224,0.12437741458415985
-0.20000000298023224,0.12437741458415985
-0.20000000298023224,0.12437741458415985
-0.20000000298023224,0.12437741458415985
-0.20000000298023224,0.12437741458415985
-0.20000000298023224,0.12437741458415985
-0.20000000298023224,0.12437741458415985
-0.20000000298023224,0.12437741458415985
-0.20000000298023224,0.12437741458415985
-0.20000000298023224,0.12437741458415985
-0.20000000298023224,0.12437741458415985
-0.20000000298023224,0.12437741458415985
-0.20000000298023224,0.12437741458415985
-0.20000000298023224,0.12437741458415985
-0.20000000298023224,0.12437741458415985
-0.20000000298023224,0.12437741458415985
-0.20000000298023224,0.12437741458415985
-0.20000000298023224,0.12437741458415985
-0.20000000298023224,0.12437741458415985
-0.20000000298023224,0.12437741458415985
-0.20000000298023224,0.12437741458415985
-0.20000000298023224,0.12437741458415985
-0.20000000298023224,0.12437741458415985
-0.20000000298023224,0.12437741458415985
-0.20000000298023224,0.12437741458415985
-0.20000000298023224,0.12437741458415985
-0.20000000298023224,0.12437741458415985
-0.20000000298023224,0.12437741458415985
-0.20000000298023224,0.12437741458415985
-0.20000000298023224,0.12437741458415985
-0.20000000298023224,0.12437741458415985
-0.20000000298023224,0.12437741458415985
-0.20000000298023224,0.12437741458415985
-0.20000000298023224,0.12437741458415985
-0.18000000715255737,0.12605635821819305
-0.18000000715255737,0.12605635821819305
-0.18000000715255737,0.12605635821819305
-0.18000000715255737,0.12605635821819305
-0.18000000715255737,0.12605635821819305
-0.18000000715255737,0.12605635821819305
-0.18000000715255737,0.12605635821819305
-0.18000000715255737,0.12605635821819305
-0.18000000715255737,0.12605635821819305
-0.18000000715255737,0.12605635821819305
-0.18000000715255737,0.12605635821819305
-0.18000000715255737,0.12605635821819305
-0.18000000715255737,0.12605635821819305
-0.18000000715255737,0.12605635821819305
-0.18000000715255737,0.12605635821819305
-0.18000000715255737,0.12605635821819305
-0.18000000715255737,0.12605635821819305
-0.18000000715255737,0.12605635821819305
-0.18000000715255737,0.12605635821819305
-0.18000000715255737,0.12605635821819305
-0.18000000715255737,0.12605635821819305
-0.18000000715255737,0.12605635821819305
-0.18000000715255737,0.12605635821819305
-0.18000000715255737,0.12605635821819305
-0.18000000715255737,0.12605635821819305
-0.18000000715255737,0.12605635821819305
-0.18000000715255737,0.12605635821819305
-0.18000000715255737,0.12605635821819305
-0.18000000715255737,0.12605635821819305
-0.18000000715255737,0.12605635821819305
-0.18000000715255737,0.12605635821819305
-0.18000000715255737,0.12605635821819305
-0.18000000715255737,0.12605635821819305
-0.18000000715255737,0.12605635821819305
-0.18000000715255737,0.12605635821819305
-0.18000000715255737,0.12605635821819305
-0.18000000715255737,0.12605635821819305
-0.18000000715255737,0.12605635821819305
-0.18000000715255737,0.12605635821819305
-0.18000000715255737,0.12605635821819305
-0.18000000715255737,0.12605635821819305
-0.18000000715255737,0.12605635821819305
-0.18000000715255737,0.12605635821819305
-0.18000000715255737,0.12605635821819305
-0.18000000715255737,0.12605635821819305
-0.18000000715255737,0.12605635821819305
-0.18000000715255737,0.12605635821819305
-0.18000000715255737,0.12605635821819305
-0.18000000715255737,0.12605635821819305
-0.18000000715255737,0.12605635821819305
-0.18000000715255737,0.12605635821819305
-0.18000000715255737,0.12605635821819305
-0.18000000715255737,0.12605635821819305
-0.18000000715255737,0.12605635821819305
-0.18000000715255737,0.12605635821819305
-0.18000000715255737,0.12605635821819305
-0.18000000715255737,0.12605635821819305
-0.18000000715255737,0.12605635821819305
-0.18000000715255737,0.12605635821819305
-0.18000000715255737,0.12605635821819305
-0.18000000715255737,0.12605635821819305
-0.18000000715255737,0.12605635821819305
-0.18000000715255737,0.12605635821819305
-0.18000000715255737,0.12605635821819305
-0.18000000715255737,0.12605635821819305
-0.18000000715255737,0.12605635821819305
-0.18000000715255737,0.12605635821819305
-0.18000000715255737,0.12605635821819305
-0.18000000715255737,0.12605635821819305
-0.18000000715255737,0.12605635821819305
-0.18000000715255737,0.12605635821819305
-0.18000000715255737,0.12605635821819305
-0.18000000715255737,0.12605635821819305
-0.18000000715255737,0.12605635821819305
-0.18000000715255737,0.12605635821819305
-0.18000000715255737,0.12605635821819305
-0.18000000715255737,0.12605635821819305
-0.18000000715255737,0.12605635821819305
-0.18000000715255737,0.12605635821819305
-0.18000000715255737,0.12605635821819305
-0.18000000715255737,0.12605635821819305
-0.18000000715255737,0.12605635821819305
-0.18000000715255737,0.12605635821819305
-0.18000000715255737,0.12605635821819305
-0.18000000715255737,0.12605635821819305
-0.18000000715255737,0.12605635821819305
-0.18000000715255737,0.12605635821819305
-0.18000000715255737,0.12605635821819305
-0.18000000715255737,0.12605635821819305
-0.18000000715255737,0.12605635821819305
-0.18000000715255737,0.12605635821819305
-0.18000000715255737,0.12605635821819305
-0.18000000715255737,0.12605635821819305
-0.18000000715255737,0.12605635821819305
-0.18000000715255737,0.12605635821819305
-0.18000000715255737,0.12605635821819305
-0.18000000715255737,0.12605635821819305
-0.18000000715255737,0.12605635821819305
-0.18000000715255737,0.12605635821819305
-0.18000000715255737,0.12605635821819305
-0.18000000715255737,0.12605635821819305
-0.1599999964237213,0.12773524224758148
-0.1599999964237213,0.12773524224758148
-0.1599999964237213,0.12773524224758148
-0.1599999964237213,0.12773524224758148
-0.1599999964237213,0.12773524224758148
-0.1599999964237213,0.12773524224758148
-0.1599999964237213,0.12773524224758148
-0.1599999964237213,0.12773524224758148
-0.1599999964237213,0.12773524224758148
-0.1599999964237213,0.12773524224758148
-0.1599999964237213,0.12773524224758148
-0.1599999964237213,0.12773524224758148
-0.1599999964237213,0.12773524224758148
-0.1599999964237213,0.12773524224758148
-0.1599999964237213,0.12773524224758148
-0.1599999964237213,0.12773524224758148
-0.1599999964237213,0.12773524224758148
-0.1599999964237213,0.12773524224758148
-0.1599999964237213,0.12773524224758148
-0.1599999964237213,0.12773524224758148
-0.1599999964237213,0.12773524224758148
-0.1599999964237213,0.12773524224758148
-0.1599999964237213,0.12773524224758148
-0.1599999964237213,0.12773524224758148
-0.1599999964237213,0.12773524224758148
-0.1599999964237213,0.12773524224758148
-0.1599999964237213,0.12773524224758148
-0.1599999964237213,0.12773524224758148
-0.1599999964237213,0.12773524224758148
-0.1599999964237213,0.12773524224758148
-0.1599999964237213,0.12773524224758148
-0.1599999964237213,0.12773524224758148
-0.1599999964237213,0.12773524224758148
-0.1599999964237213,0.12773524224758148
-0.1599999964237213,0.12773524224758148
-0.1599999964237213,0.12773524224758148
-0.1599999964237213,0.12773524224758148
-0.1599999964237213,0.12773524224758148
-0.1599999964237213,0.12773524224758148
-0.1599999964237213,0.12773524224758148
-0.1599999964237213,0.12773524224758148
-0.1599999964237213,0.12773524224758148
-0.1599999964237213,0.12773524224758148
-0.1599999964237213,0.12773524224758148
-0.1599999964237213,0.12773524224758148
-0.1599999964237213,0.12773524224758148
-0.1599999964237213,0.12773524224758148
-0.1599999964237213,0.12773524224758148
-0.1599999964237213,0.12773524224758148
-0.1599999964237213,0.12773524224758148
-0.1599999964237213,0.12773524224758148
-0.1599999964237213,0.12773524224758148
-0.1599999964237213,0.12773524224758148
-0.1599999964237213,0.12773524224758148
-0.1599999964237213,0.12773524224758148
-0.1599999964237213,0.12773524224758148
-0.1599999964237213,0.12773524224758148
-0.1599999964237213,0.12773524224758148
-0.1599999964237213,0.12773524224758148
-0.1599999964237213,0.12773524224758148
-0.1599999964237213,0.12773524224758148
-0.1599999964237213,0.12773524224758148
-0.1599999964237213,0.12773524224758148
-0.1599999964237213,0.12773524224758148
-0.1599999964237213,0.12773524224758148
-0.1599999964237213,0.12773524224758148
-0.1599999964237213,0.12773524224758148
-0.1599999964237213,0.12773524224758148
-0.1599999964237213,0.12773524224758148
-0.1599999964237213,0.12773524224758148
-0.1599999964237213,0.12773524224758148
-0.1599999964237213,0.12773524224758148
-0.1599999964237213,0.12773524224758148
-0.1599999964237213,0.12773524224758148
-0.1599999964237213,0.12773524224758148
-0.1599999964237213,0.12773524224758148
-0.1599999964237213,0.12773524224758148
-0.1599999964237213,0.12773524224758148
-0.1599999964237213,0.12773524224758148
-0.1599999964237213,0.12773524224758148
-0.1599999964237213,0.12773524224758148
-0.1599999964237213,0.12773524224758148
-0.1599999964237213,0.12773524224758148
-0.1599999964237213,0.12773524224758148
-0.1599999964237213,0.12773524224758148
-0.1599999964237213,0.12773524224758148
-0.1599999964237213,0.12773524224758148
-0.1599999964237213,0.12773524224758148
-0.1599999964237213,0.12773524224758148
-0.1599999964237213,0.12773524224758148
-0.1599999964237213,0.12773524224758148
-0.1599999964237213,0.12773524224758148
-0.1599999964237213,0.12773524224758148
-0.1599999964237213,0.12773524224758148
-0.1599999964237213,0.12773524224758148
-0.1599999964237213,0.12773524224758148
-0.1599999964237213,0.12773524224758148
-0.1599999964237213,0.12773524224758148
-0.1599999964237213,0.12773524224758148
-0.1599999964237213,0.12773524224758148
-0.1599999964237213,0.12773524224758148
-0.14000000059604645,0.12941429018974304
-0.14000000059604645,0.12941429018974304
-0.14000000059604645,0.12941429018974304
-0.14000000059604645,0.12941429018974304
-0.14000000059604645,0.12941429018974304
-0.14000000059604645,0.12941429018974304
-0.14000000059604645,0.12941429018974304
-0.14000000059604645,0.12941429018974304
-0.14000000059604645,0.12941429018974304
-0.14000000059604645,0.12941429018974304
-0.14000000059604645,0.12941429018974304
-0.14000000059604645,0.12941429018974304
-0.14000000059604645,0.12941429018974304
-0.14000000059604645,0.12941429018974304
-0.14000000059604645,0.12941429018974304
-0.14000000059604645,0.12941429018974304
-0.14000000059604645,0.12941429018974304
-0.14000000059604645,0.12941429018974304
-0.14000000059604645,0.12941429018974304
-0.14000000059604645,0.12941429018974304
-0.14000000059604645,0.12941429018974304
-0.14000000059604645,0.12941429018974304
-0.14000000059604645,0.12941429018974304
-0.14000000059604645,0.12941429018974304
-0.14000000059604645,0.12941429018974304
-0.14000000059604645,0.12941429018974304
-0.14000000059604645,0.12941429018974304
-0.14000000059604645,0.12941429018974304
-0.14000000059604645,0.12941429018974304
-0.14000000059604645,0.12941429018974304
-0.14000000059604645,0.12941429018974304
-0.14000000059604645,0.12941429018974304
-0.14000000059604645,0.12941429018974304
-0.14000000059604645,0.12941429018974304
-0.14000000059604645,0.12941429018974304
-0.14000000059604645,0.12941429018974304
-0.14000000059604645,0.12941429018974304
-0.14000000059604645,0.12941429018974304
-0.14000000059604645,0.12941429018974304
-0.14000000059604645,0.12941429018974304
-0.14000000059604645,0.12941429018974304
-0.14000000059604645,0.12941429018974304
-0.14000000059604645,0.12941429018974304
-0.14000000059604645,0.12941429018974304
-0.14000000059604645,0.12941429018974304
-0.14000000059604645,0.12941429018974304
-0.14000000059604645,0.12941429018974304
-0.14000000059604645,0.12941429018974304
-0.14000000059604645,0.12941429018974304
-0.14000000059604645,0.12941429018974304
-0.14000000059604645,0.12941429018974304
-0.14000000059604645,0.12941429018974304
-0.14000000059604645,0.12941429018974304
-0.14000000059604645,0.12941429018974304
-0.14000000059604645,0.12941429018974304
-0.14000000059604645,0.12941429018974304
-0.14000000059604645,0.12941429018974304
-0.14000000059604645,0.12941429018974304
-0.14000000059604645,0.12941429018974304
-0.14000000059604645,0.12941429018974304
-0.14000000059604645,0.12941429018974304
-0.14000000059604645,0.12941429018974304
-0.14000000059604645,0.12941429018974304
-0.14000000059604645,0.12941429018974304
-0.14000000059604645,0.12941429018974304
-0.14000000059604645,0.12941429018974304
-0.14000000059604645,0.12941429018974304
-0.14000000059604645,0.12941429018974304
-0.14000000059604645,0.12941429018974304
-0.14000000059604645,0.12941429018974304
-0.14000000059604645,0.12941429018974304
-0.14000000059604645,0.12941429018974304
-0.14000000059604645,0.12941429018974304
-0.14000000059604645,0.12941429018974304
-0.14000000059604645,0.12941429018974304
-0.14000000059604645,0.12941429018974304
-0.14000000059604645,0.12941429018974304
-0.14000000059604645,0.12941429018974304
-0.14000000059604645,0.12941429018974304
-0.14000000059604645,0.12941429018974304
-0.14000000059604645,0.12941429018974304
-0.14000000059604645,0.12941429018974304
-0.14000000059604645,0.12941429018974304
-0.14000000059604645,0.12941429018974304
-0.14000000059604645,0.12941429018974304
-0.14000000059604645,0.12941429018974304
-0.14000000059604645,0.12941429018974304
-0.14000000059604645,0.12941429018974304
-0.14000000059604645,0.12941429018974304
-0.14000000059604645,0.12941429018974304
-0.14000000059604645,0.12941429018974304
-0.14000000059604645,0.12941429018974304
-0.14000000059604645,0.12941429018974304
-0.14000000059604645,0.12941429018974304
-0.14000000059604645,0.12941429018974304
-0.14000000059604645,0.12941429018974304
-0.14000000059604645,0.12941429018974304
-0.14000000059604645,0.12941429018974304
-0.14000000059604645,0.12941429018974304
-0.14000000059604645,0.12941429018974304
-0.14000000059604645,0.12941429018974304
-0.11999999731779099,0.13109363615512848
-0.11999999731779099,0.13109363615512848
-0.11999999731779099,0.13109363615512848
-0.11999999731779099,0.13109363615512848
-0.11999999731779099,0.13109363615512848
-0.11999999731779099,0.13109363615512848
-0.11999999731779099,0.13109363615512848
-0.11999999731779099,0.13109363615512848
-0.11999999731779099,0.13109363615512848
-0.11999999731779099,0.13109363615512848
-0.11999999731779099,0.13109363615512848
-0.11999999731779099,0.13109363615512848
-0.11999999731779099,0.13109363615512848
-0.11999999731779099,0.13109363615512848
-0.11999999731779099,0.13109363615512848
-0.11999999731779099,0.13109363615512848
-0.11999999731779099,0.13109363615512848
-0.11999999731779099,0.13109363615512848
-0.11999999731779099,0.13109363615512848
-0.11999999731779099,0.13109363615512848
-0.11999999731779099,0.13109363615512848
-0.11999999731779099,0.13109363615512848
-0.11999999731779099,0.13109363615512848
-0.11999999731779099,0.13109363615512848
-0.11999999731779099,0.13109363615512848
-0.11999999731779099,0.13109363615512848
-0.11999999731779099,0.13109363615512848
-0.11999999731779099,0.13109363615512848
-0.11999999731779099,0.13109363615512848
-0.11999999731779099,0.13109363615512848
-0.11999999731779099,0.13109363615512848
-0.11999999731779099,0.13109363615512848
-0.11999999731779099,0.13109363615512848
-0.11999999731779099,0.13109363615512848
-0.11999999731779099,0.13109363615512848
-0.11999999731779099,0.13109363615512848
-0.11999999731779099,0.13109363615512848
-0.11999999731779099,0.13109363615512848
-0.11999999731779099,0.13109363615512848
-0.11999999731779099,0.13109363615512848
-0.11999999731779099,0.13109363615512848
-0.11999999731779099,0.13109363615512848
-0.11999999731779099,0.13109363615512848
-0.11999999731779099,0.13109363615512848
-0.11999999731779099,0.13109363615512848
-0.11999999731779099,0.13109363615512848
-0.11999999731779099,0.13109363615512848
-0.11999999731779099,0.13109363615512848
-0.11999999731779099,0.13109363615512848
-0.11999999731779099,0.13109363615512848
-0.11999999731779099,0.13109363615512848
-0.11999999731779099,0.13109363615512848
-0.11999999731779099,0.13109363615512848
-0.11999999731779099,0.13109363615512848
-0.11999999731779099,0.13109363615512848
-0.11999999731779099,0.13109363615512848
-0.11999999731779099,0.13109363615512848
-0.11999999731779099,0.13109363615512848
-0.11999999731779099,0.13109363615512848
-0.11999999731779099,0.13109363615512848
-0.11999999731779099,0.13109363615512848
-0.11999999731779099,0.13109363615512848
-0.11999999731779099,0.13109363615512848
-0.11999999731779099,0.13109363615512848
-0.11999999731779099,0.13109363615512848
-0.11999999731779099,0.13109363615512848
-0.11999999731779099,0.13109363615512848
-0.11999999731779099,0.13109363615512848
-0.11999999731779099,0.13109363615512848
-0.11999999731779099,0.13109363615512848
-0.11999999731779099,0.13109363615512848
-0.11999999731779099,0.13109363615512848
-0.11999999731779099,0.13109363615512848
-0.11999999731779099,0.13109363615512848
-0.11999999731779099,0.13109363615512848
-0.11999999731779099,0.13109363615512848
-0.11999999731779099,0.13109363615512848
-0.11999999731779099,0.13109363615512848
-0.11999999731779099,0.13109363615512848
-0.11999999731779099,0.13109363615512848
-0.11999999731779099,0.13109363615512848
-0.11999999731779099,0.13109363615512848
-0.11999999731779099,0.13109363615512848
-0.11999999731779099,0.13109363615512848
-0.11999999731779099,0.13109363615512848
-0.11999999731779099,0.13109363615512848
-0.11999999731779099,0.13109363615512848
-0.11999999731779099,0.13109363615512848
-0.11999999731779099,0.13109363615512848
-0.11999999731779099,0.13109363615512848
-0.11999999731779099,0.13109363615512848
-0.11999999731779099,0.13109363615512848
-0.11999999731779099,0.13109363615512848
-0.11999999731779099,0.13109363615512848
-0.11999999731779099,0.13109363615512848
-0.11999999731779099,0.13109363615512848
-0.11999999731779099,0.13109363615512848
-0.11999999731779099,0.13109363615512848
-0.11999999731779099,0.13109363615512848
-0.11999999731779099,0.13109363615512848
-0.11999999731779099,0.13109363615512848
-0.10000000149011612,0.1327735036611557
-0.10000000149011612,0.1327735036611557
-0.10000000149011612,0.1327735036611557
-0.10000000149011612,0.1327735036611557
-0.10000000149011612,0.1327735036611557
-0.10000000149011612,0.1327735036611557
-0.10000000149011612,0.1327735036611557
-0.10000000149011612,0.1327735036611557
-0.10000000149011612,0.1327735036611557
-0.10000000149011612,0.1327735036611557
-0.10000000149011612,0.1327735036611557
-0.10000000149011612,0.1327735036611557
-0.10000000149011612,0.1327735036611557
-0.10000000149011612,0.1327735036611557
-0.10000000149011612,0.1327735036611557
-0.10000000149011612,0.1327735036611557
-0.10000000149011612,0.1327735036611557
-0.10000000149011612,0.1327735036611557
-0.10000000149011612,0.1327735036611557
-0.10000000149011612,0.1327735036611557
-0.10000000149011612,0.1327735036611557
-0.10000000149011612,0.1327735036611557
-0.10000000149011612,0.1327735036611557
-0.10000000149011612,0.1327735036611557
-0.10000000149011612,0.1327735036611557
-0.10000000149011612,0.1327735036611557
-0.10000000149011612,0.1327735036611557
-0.10000000149011612,0.1327735036611557
-0.10000000149011612,0.1327735036611557
-0.10000000149011612,0.1327735036611557
-0.10000000149011612,0.1327735036611557
-0.10000000149011612,0.1327735036611557
-0.10000000149011612,0.1327735036611557
-0.10000000149011612,0.1327735036611557
-0.10000000149011612,0.1327735036611557
-0.10000000149011612,0.1327735036611557
-0.10000000149011612,0.1327735036611557
-0.10000000149011612,0.1327735036611557
-0.10000000149011612,0.1327735036611557
-0.10000000149011612,0.1327735036611557
-0.10000000149011612,0.1327735036611557
-0.10000000149011612,0.1327735036611557
-0.10000000149011612,0.1327735036611557
-0.10000000149011612,0.1327735036611557
-0.10000000149011612,0.1327735036611557
-0.10000000149011612,0.1327735036611557
-0.10000000149011612,0.1327735036611557
-0.10000000149011612,0.1327735036611557
-0.10000000149011612,0.1327735036611557
-0.10000000149011612,0.1327735036611557
-0.10000000149011612,0.1327735036611557
-0.10000000149011612,0.1327735036611557
-0.10000000149011612,0.1327735036611557
-0.10000000149011612,0.1327735036611557
-0.10000000149011612,0.1327735036611557
-0.10000000149011612,0.1327735036611557
-0.10000000149011612,0.1327735036611557
-0.10000000149011612,0.1327735036611557
-0.10000000149011612,0.1327735036611557
-0.10000000149011612,0.1327735036611557
-0.10000000149011612,0.1327735036611557
-0.10000000149011612,0.1327735036611557
-0.10000000149011612,0.1327735036611557
-0.10000000149011612,0.1327735036611557
-0.10000000149011612,0.1327735036611557
-0.10000000149011612,0.1327735036611557
-0.10000000149011612,0.1327735036611557
-0.10000000149011612,0.1327735036611557
-0.10000000149011612,0.1327735036611557
-0.10000000149011612,0.1327735036611557
-0.10000000149011612,0.1327735036611557
-0.10000000149011612,0.1327735036611557
-0.10000000149011612,0.1327735036611557
-0.10000000149011612,0.1327735036611557
-0.10000000149011612,0.1327735036611557
-0.10000000149011612,0.1327735036611557
-0.10000000149011612,0.1327735036611557
-0.10000000149011612,0.1327735036611557
-0.10000000149011612,0.1327735036611557
-0.10000000149011612,0.1327735036611557
-0.10000000149011612,0.1327735036611557
-0.10000000149011612,0.1327735036611557
-0.10000000149011612,0.1327735036611557
-0.10000000149011612,0.1327735036611557
-0.10000000149011612,0.1327735036611557
-0.10000000149011612,0.1327735036611557
-0.10000000149011612,0.1327735036611557
-0.10000000149011612,0.1327735036611557
-0.10000000149011612,0.1327735036611557
-0.10000000149011612,0.1327735036611557
-0.10000000149011612,0.1327735036611557
-0.10000000149011612,0.1327735036611557
-0.10000000149011612,0.1327735036611557
-0.10000000149011612,0.1327735036611557
-0.10000000149011612,0.1327735036611557
-0.10000000149011612,0.1327735036611557
-0.10000000149011612,0.1327735036611557
-0.10000000149011612,0.1327735036611557
-0.10000000149011612,0.1327735036611557
-0.10000000149011612,0.1327735036611557
-0.10000000149011612,0.1327735036611557
-0.07999999821186066,0.13445398211479187
-0.07999999821186066,0.13445398211479187
-0.07999999821186066,0.13445398211479187
-0.07999999821186066,0.13445398211479187
-0.07999999821186066,0.13445398211479187
-0.07999999821186066,0.13445398211479187
-0.07999999821186066,0.13445398211479187
-0.07999999821186066,0.13445398211479187
-0.07999999821186066,0.13445398211479187
-0.07999999821186066,0.13445398211479187
-0.07999999821186066,0.13445398211479187
-0.07999999821186066,0.13445398211479187
-0.07999999821186066,0.13445398211479187
-0.07999999821186066,0.13445398211479187
-0.07999999821186066,0.13445398211479187
-0.07999999821186066,0.13445398211479187
-0.07999999821186066,0.13445398211479187
-0.07999999821186066,0.13445398211479187
-0.07999999821186066,0.13445398211479187
-0.07999999821186066,0.13445398211479187
-0.07999999821186066,0.13445398211479187
-0.07999999821186066,0.13445398211479187
-0.07999999821186066,0.13445398211479187
-0.07999999821186066,0.13445398211479187
-0.07999999821186066,0.13445398211479187
-0.07999999821186066,0.13445398211479187
-0.07999999821186066,0.13445398211479187
-0.07999999821186066,0.13445398211479187
-0.07999999821186066,0.13445398211479187
-0.07999999821186066,0.13445398211479187
-0.07999999821186066,0.13445398211479187
-0.07999999821186066,0.13445398211479187
-0.07999999821186066,0.13445398211479187
-0.07999999821186066,0.13445398211479187
-0.07999999821186066,0.13445398211479187
-0.07999999821186066,0.13445398211479187
-0.07999999821186066,0.13445398211479187
-0.07999999821186066,0.13445398211479187
-0.07999999821186066,0.13445398211479187
-0.07999999821186066,0.13445398211479187
-0.07999999821186066,0.13445398211479187
-0.07999999821186066,0.13445398211479187
-0.07999999821186066,0.13445398211479187
-0.07999999821186066,0.13445398211479187
-0.07999999821186066,0.13445398211479187
-0.07999999821186066,0.13445398211479187
-0.07999999821186066,0.13445398211479187
-0.07999999821186066,0.13445398211479187
-0.07999999821186066,0.13445398211479187
-0.07999999821186066,0.13445398211479187
-0.07999999821186066,0.13445398211479187
-0.07999999821186066,0.13445398211479187
-0.07999999821186066,0.13445398211479187
-0.07999999821186066,0.13445398211479187
-0.07999999821186066,0.13445398211479187
-0.07999999821186066,0.13445398211479187
-0.07999999821186066,0.13445398211479187
-0.07999999821186066,0.13445398211479187
-0.07999999821186066,0.13445398211479187
-0.07999999821186066,0.13445398211479187
-0.07999999821186066,0.13445398211479187
-0.07999999821186066,0.13445398211479187
-0.07999999821186066,0.13445398211479187
-0.07999999821186066,0.13445398211479187
-0.07999999821186066,0.13445398211479187
-0.07999999821186066,0.13445398211479187
-0.07999999821186066,0.13445398211479187
-0.07999999821186066,0.13445398211479187
-0.07999999821186066,0.13445398211479187
-0.07999999821186066,0.13445398211479187
-0.07999999821186066,0.13445398211479187
-0.07999999821186066,0.13445398211479187
-0.07999999821186066,0.13445398211479187
-0.07999999821186066,0.13445398211479187
-0.07999999821186066,0.13445398211479187
-0.07999999821186066,0.13445398211479187
-0.07999999821186066,0.13445398211479187
-0.07999999821186066,0.13445398211479187
-0.07999999821186066,0.13445398211479187
-0.07999999821186066,0.13445398211479187
-0.07999999821186066,0.13445398211479187
-0.07999999821186066,0.13445398211479187
-0.07999999821186066,0.13445398211479187
-0.07999999821186066,0.13445398211479187
-0.07999999821186066,0.13445398211479187
-0.07999999821186066,0.13445398211479187
-0.07999999821186066,0.13445398211479187
-0.07999999821186066,0.13445398211479187
-0.07999999821186066,0.13445398211479187
-0.07999999821186066,0.13445398211479187
-0.07999999821186066,0.13445398211479187
-0.07999999821186066,0.13445398211479187
-0.07999999821186066,0.13445398211479187
-0.07999999821186066,0.13445398211479187
-0.07999999821186066,0.13445398211479187
-0.07999999821186066,0.13445398211479187
-0.07999999821186066,0.13445398211479187
-0.07999999821186066,0.13445398211479187
-0.07999999821186066,0.13445398211479187
-0.07999999821186066,0.13445398211479187
-0.07999999821186066,0.13445398211479187
-0.05999999865889549,0.13613523542881012
-0.05999999865889549,0.13613523542881012
-0.05999999865889549,0.13613523542881012
-0.05999999865889549,0.13613523542881012
-0.05999999865889549,0.13613523542881012
-0.05999999865889549,0.13613523542881012
-0.05999999865889549,0.13613523542881012
-0.05999999865889549,0.13613523542881012
-0.05999999865889549,0.13613523542881012
-0.05999999865889549,0.13613523542881012
-0.05999999865889549,0.13613523542881012
-0.05999999865889549,0.13613523542881012
-0.05999999865889549,0.13613523542881012
-0.05999999865889549,0.13613523542881012
-0.05999999865889549,0.13613523542881012
-0.05999999865889549,0.13613523542881012
-0.05999999865889549,0.13613523542881012
-0.05999999865889549,0.13613523542881012
-0.05999999865889549,0.13613523542881012
-0.05999999865889549,0.13613523542881012
-0.05999999865889549,0.13613523542881012
-0.05999999865889549,0.13613523542881012
-0.05999999865889549,0.13613523542881012
-0.05999999865889549,0.13613523542881012
-0.05999999865889549,0.13613523542881012
-0.05999999865889549,0.13613523542881012
-0.05999999865889549,0.13613523542881012
-0.05999999865889549,0.13613523542881012
-0.05999999865889549,0.13613523542881012
-0.05999999865889549,0.13613523542881012
-0.05999999865889549,0.13613523542881012
-0.05999999865889549,0.13613523542881012
-0.05999999865889549,0.13613523542881012
-0.05999999865889549,0.13613523542881012
-0.05999999865889549,0.13613523542881012
-0.05999999865889549,0.13613523542881012
-0.05999999865889549,0.13613523542881012
-0.05999999865889549,0.13613523542881012
-0.05999999865889549,0.13613523542881012
-0.05999999865889549,0.13613523542881012
-0.05999999865889549,0.13613523542881012
-0.05999999865889549,0.13613523542881012
-0.05999999865889549,0.13613523542881012
-0.05999999865889549,0.13613523542881012
-0.05999999865889549,0.13613523542881012
-0.05999999865889549,0.13613523542881012
-0.05999999865889549,0.13613523542881012
-0.05999999865889549,0.13613523542881012
-0.05999999865889549,0.13613523542881012
-0.05999999865889549,0.13613523542881012
-0.05999999865889549,0.13613523542881012
-0.05999999865889549,0.13613523542881012
-0.05999999865889549,0.13613523542881012
-0.05999999865889549,0.13613523542881012
-0.05999999865889549,0.13613523542881012
-0.05999999865889549,0.13613523542881012
-0.05999999865889549,0.13613523542881012
-0.05999999865889549,0.13613523542881012
-0.05999999865889549,0.13613523542881012
-0.05999999865889549,0.13613523542881012
-0.05999999865889549,0.13613523542881012
-0.05999999865889549,0.13613523542881012
-0.05999999865889549,0.13613523542881012
-0.05999999865889549,0.13613523542881012
-0.05999999865889549,0.13613523542881012
-0.05999999865889549,0.13613523542881012
-0.05999999865889549,0.13613523542881012
-0.05999999865889549,0.13613523542881012
-0.05999999865889549,0.13613523542881012
-0.05999999865889549,0.13613523542881012
-0.05999999865889549,0.13613523542881012
-0.05999999865889549,0.13613523542881012
-0.05999999865889549,0.13613523542881012
-0.05999999865889549,0.13613523542881012
-0.05999999865889549,0.13613523542881012
-0.05999999865889549,0.13613523542881012
-0.05999999865889549,0.13613523542881012
-0.05999999865889549,0.13613523542881012
-0.05999999865889549,0.13613523542881012
-0.05999999865889549,0.13613523542881012
-0.05999999865889549,0.13613523542881012
-0.05999999865889549,0.13613523542881012
-0.05999999865889549,0.13613523542881012
-0.05999999865889549,0.13613523542881012
-0.05999999865889549,0.13613523542881012
-0.05999999865889549,0.13613523542881012
-0.05999999865889549,0.13613523542881012
-0.05999999865889549,0.13613523542881012
-0.05999999865889549,0.13613523542881012
-0.05999999865889549,0.13613523542881012
-0.05999999865889549,0.13613523542881012
-0.05999999865889549,0.13613523542881012
-0.05999999865889549,0.13613523542881012
-0.05999999865889549,0.13613523542881012
-0.05999999865889549,0.13613523542881012
-0.05999999865889549,0.13613523542881012
-0.05999999865889549,0.13613523542881012
-0.05999999865889549,0.13613523542881012
-0.05999999865889549,0.13613523542881012
-0.05999999865889549,0.13613523542881012
-0.05999999865889549,0.13613523542881012
-0.03999999910593033,0.1378173530101776
-0.03999999910593033,0.1378173530101776
-0.03999999910593033,0.1378173530101776
-0.03999999910593033,0.1378173530101776
-0.03999999910593033,0.1378173530101776
-0.03999999910593033,0.1378173530101776
-0.03999999910593033,0.1378173530101776
-0.03999999910593033,0.1378173530101776
-0.03999999910593033,0.1378173530101776
-0.03999999910593033,0.1378173530101776
-0.03999999910593033,0.1378173530101776
-0.03999999910593033,0.1378173530101776
-0.03999999910593033,0.1378173530101776
-0.03999999910593033,0.1378173530101776
-0.03999999910593033,0.1378173530101776
-0.03999999910593033,0.1378173530101776
-0.03999999910593033,0.1378173530101776
-0.03999999910593033,0.1378173530101776
-0.03999999910593033,0.1378173530101776
-0.03999999910593033,0.1378173530101776
-0.03999999910593033,0.1378173530101776
-0.03999999910593033,0.1378173530101776
-0.03999999910593033,0.1378173530101776
-0.03999999910593033,0.1378173530101776
-0.03999999910593033,0.1378173530101776
-0.03999999910593033,0.1378173530101776
-0.03999999910593033,0.1378173530101776
-0.03999999910593033,0.1378173530101776
-0.03999999910593033,0.1378173530101776
-0.03999999910593033,0.1378173530101776
-0.03999999910593033,0.1378173530101776
-0.03999999910593033,0.1378173530101776
-0.03999999910593033,0.1378173530101776
-0.03999999910593033,0.1378173530101776
-0.03999999910593033,0.1378173530101776
-0.03999999910593033,0.1378173530101776
-0.03999999910593033,0.1378173530101776
-0.03999999910593033,0.1378173530101776
-0.03999999910593033,0.1378173530101776
-0.03999999910593033,0.1378173530101776
-0.03999999910593033,0.1378173530101776
-0.03999999910593033,0.1378173530101776
-0.03999999910593033,0.1378173530101776
-0.03999999910593033,0.1378173530101776
-0.03999999910593033,0.1378173530101776
-0.03999999910593033,0.1378173530101776
-0.03999999910593033,0.1378173530101776
-0.03999999910593033,0.1378173530101776
-0.03999999910593033,0.1378173530101776
-0.03999999910593033,0.1378173530101776
-0.03999999910593033,0.1378173530101776
-0.03999999910593033,0.1378173530101776
-0.03999999910593033,0.1378173530101776
-0.03999999910593033,0.1378173530101776
-0.03999999910593033,0.1378173530101776
-0.03999999910593033,0.1378173530101776
-0.03999999910593033,0.1378173530101776
-0.03999999910593033,0.1378173530101776
-0.03999999910593033,0.1378173530101776
-0.03999999910593033,0.1378173530101776
-0.03999999910593033,0.1378173530101776
-0.03999999910593033,0.1378173530101776
-0.03999999910593033,0.1378173530101776
-0.03999999910593033,0.1378173530101776
-0.03999999910593033,0.1378173530101776
-0.03999999910593033,0.1378173530101776
-0.03999999910593033,0.1378173530101776
-0.03999999910593033,0.1378173530101776
-0.03999999910593033,0.1378173530101776
-0.03999999910593033,0.1378173530101776
-0.03999999910593033,0.1378173530101776
-0.03999999910593033,0.1378173530101776
-0.03999999910593033,0.1378173530101776
-0.03999999910593033,0.1378173530101776
-0.03999999910593033,0.1378173530101776
-0.03999999910593033,0.1378173530101776
-0.03999999910593033,0.1378173530101776
-0.03999999910593033,0.1378173530101776
-0.03999999910593033,0.1378173530101776
-0.03999999910593033,0.1378173530101776
-0.03999999910593033,0.1378173530101776
-0.03999999910593033,0.1378173530101776
-0.03999999910593033,0.1378173530101776
-0.03999999910593033,0.1378173530101776
-0.03999999910593033,0.1378173530101776
-0.03999999910593033,0.1378173530101776
-0.03999999910593033,0.1378173530101776
-0.03999999910593033,0.1378173530101776
-0.03999999910593033,0.1378173530101776
-0.03999999910593033,0.1378173530101776
-0.03999999910593033,0.1378173530101776
-0.03999999910593033,0.1378173530101776
-0.03999999910593033,0.1378173530101776
-0.03999999910593033,0.1378173530101776
-0.03999999910593033,0.1378173530101776
-0.03999999910593033,0.1378173530101776
-0.03999999910593033,0.1378173530101776
-0.03999999910593033,0.1378173530101776
-0.03999999910593033,0.1378173530101776
-0.03999999910593033,0.1378173530101776
-0.03999999910593033,0.1378173530101776
-0.019999999552965164,0.1395004689693451
-0.019999999552965164,0.1395004689693451
-0.019999999552965164,0.1395004689693451
-0.019999999552965164,0.1395004689693451
-0.019999999552965164,0.1395004689693451
-0.019999999552965164,0.1395004689693451
-0.019999999552965164,0.1395004689693451
-0.019999999552965164,0.1395004689693451
-0.019999999552965164,0.1395004689693451
-0.019999999552965164,0.1395004689693451
-0.019999999552965164,0.1395004689693451
-0.019999999552965164,0.1395004689693451
-0.019999999552965164,0.1395004689693451
-0.019999999552965164,0.1395004689693451
-0.019999999552965164,0.1395004689693451
-0.019999999552965164,0.1395004689693451
-0.019999999552965164,0.1395004689693451
-0.019999999552965164,0.1395004689693451
-0.019999999552965164,0.1395004689693451
-0.019999999552965164,0.1395004689693451
-0.019999999552965164,0.1395004689693451
-0.019999999552965164,0.1395004689693451
-0.019999999552965164,0.1395004689693451
-0.019999999552965164,0.1395004689693451
-0.019999999552965164,0.1395004689693451
-0.019999999552965164,0.1395004689693451
-0.019999999552965164,0.1395004689693451
-0.019999999552965164,0.1395004689693451
-0.019999999552965164,0.1395004689693451
-0.019999999552965164,0.1395004689693451
-0.019999999552965164,0.1395004689693451
-0.019999999552965164,0.1395004689693451
-0.019999999552965164,0.1395004689693451
-0.019999999552965164,0.1395004689693451
-0.019999999552965164,0.1395004689693451
-0.019999999552965164,0.1395004689693451
-0.019999999552965164,0.1395004689693451
-0.019999999552965164,0.1395004689693451
-0.019999999552965164,0.1395004689693451
-0.019999999552965164,0.1395004689693451
-0.019999999552965164,0.1395004689693451
-0.019999999552965164,0.1395004689693451
-0.019999999552965164,0.1395004689693451
-0.019999999552965164,0.1395004689693451
-0.019999999552965164,0.1395004689693451
-0.019999999552965164,0.1395004689693451
-0.019999999552965164,0.1395004689693451
-0.019999999552965164,0.1395004689693451
-0.019999999552965164,0.1395004689693451
-0.019999999552965164,0.1395004689693451
-0.019999999552965164,0.1395004689693451
-0.019999999552965164,0.1395004689693451
-0.019999999552965164,0.1395004689693451
-0.019999999552965164,0.1395004689693451
-0.019999999552965164,0.1395004689693451
-0.019999999552965164,0.1395004689693451
-0.019999999552965164,0.1395004689693451
-0.019999999552965164,0.1395004689693451
-0.019999999552965164,0.1395004689693451
-0.019999999552965164,0.1395004689693451
-0.019999999552965164,0.1395004689693451
-0.019999999552965164,0.1395004689693451
-0.019999999552965164,0.1395004689693451
-0.019999999552965164,0.1395004689693451
-0.019999999552965164,0.1395004689693451
-0.019999999552965164,0.1395004689693451
-0.019999999552965164,0.1395004689693451
-0.019999999552965164,0.1395004689693451
-0.019999999552965164,0.1395004689693451
-0.019999999552965164,0.1395004689693451
-0.019999999552965164,0.1395004689693451
-0.019999999552965164,0.1395004689693451
-0.019999999552965164,0.1395004689693451
-0.019999999552965164,0.1395004689693451
-0.019999999552965164,0.1395004689693451
-0.019999999552965164,0.1395004689693451
-0.019999999552965164,0.1395004689693451
-0.019999999552965164,0.1395004689693451
-0.019999999552965164,0.1395004689693451
-0.019999999552965164,0.1395004689693451
-0.019999999552965164,0.1395004689693451
-0.019999999552965164,0.1395004689693451
-0.019999999552965164,0.1395004689693451
-0.019999999552965164,0.1395004689693451
-0.019999999552965164,0.1395004689693451
-0.019999999552965164,0.1395004689693451
-0.019999999552965164,0.1395004689693451
-0.019999999552965164,0.1395004689693451
-0.019999999552965164,0.1395004689693451
-0.019999999552965164,0.1395004689693451
-0.019999999552965164,0.1395004689693451
-0.019999999552965164,0.1395004689693451
-0.019999999552965164,0.1395004689693451
-0.019999999552965164,0.1395004689693451
-0.019999999552965164,0.1395004689693451
-0.019999999552965164,0.1395004689693451
-0.019999999552965164,0.1395004689693451
-0.019999999552965164,0.1395004689693451
-0.019999999552965164,0.1395004689693451
-0.019999999552965164,0.1395004689693451
-0.019999999552965164,0.1395004689693451
0.0,0.14118462800979614
0.0,0.14118462800979614
0.0,0.14118462800979614
0.0,0.14118462800979614
0.0,0.14118462800979614
0.0,0.14118462800979614
0.0,0.14118462800979614
0.0,0.14118462800979614
0.0,0.14118462800979614
0.0,0.14118462800979614
0.0,0.14118462800979614
0.0,0.14118462800979614
0.0,0.14118462800979614
0.0,0.14118462800979614
0.0,0.14118462800979614
0.0,0.14118462800979614
0.0,0.14118462800979614
0.0,0.14118462800979614
0.0,0.14118462800979614
0.0,0.14118462800979614
0.0,0.14118462800979614
0.0,0.14118462800979614
0.0,0.14118462800979614
0.0,0.14118462800979614
0.0,0.14118462800979614
0.0,0.14118462800979614
0.0,0.14118462800979614
0.0,0.14118462800979614
0.0,0.14118462800979614
0.0,0.14118462800979614
0.0,0.14118462800979614
0.0,0.14118462800979614
0.0,0.14118462800979614
0.0,0.14118462800979614
0.0,0.14118462800979614
0.0,0.14118462800979614
0.0,0.14118462800979614
0.0,0.14118462800979614
0.0,0.14118462800979614
0.0,0.14118462800979614
0.0,0.14118462800979614
0.0,0.14118462800979614
0.0,0.14118462800979614
0.0,0.14118462800979614
0.0,0.14118462800979614
0.0,0.14118462800979614
0.0,0.14118462800979614
0.0,0.14118462800979614
0.0,0.14118462800979614
0.0,0.14118462800979614
0.0,0.14118462800979614
0.0,0.14118462800979614
0.0,0.14118462800979614
0.0,0.14118462800979614
0.0,0.14118462800979614
0.0,0.14118462800979614
0.0,0.14118462800979614
0.0,0.14118462800979614
0.0,0.14118462800979614
0.0,0.14118462800979614
0.0,0.14118462800979614
0.0,0.14118462800979614
0.0,0.14118462800979614
0.0,0.14118462800979614
0.0,0.14118462800979614
0.0,0.14118462800979614
0.0,0.14118462800979614
0.0,0.14118462800979614
0.0,0.14118462800979614
0.0,0.14118462800979614
0.0,0.14118462800979614
0.0,0.14118462800979614
0.0,0.14118462800979614
0.0,0.14118462800979614
0.0,0.14118462800979614
0.0,0.14118462800979614
0.0,0.14118462800979614
0.0,0.14118462800979614
0.0,0.14118462800979614
0.0,0.14118462800979614
0.0,0.14118462800979614
0.0,0.14118462800979614
0.0,0.14118462800979614
0.0,0.14118462800979614
0.0,0.14118462800979614
0.0,0.14118462800979614
0.0,0.14118462800979614
0.0,0.14118462800979614
0.0,0.14118462800979614
0.0,0.14118462800979614
0.0,0.14118462800979614
0.0,0.14118462800979614
0.0,0.14118462800979614
0.0,0.14118462800979614
0.0,0.14118462800979614
0.0,0.14118462800979614
0.0,0.14118462800979614
0.0,0.14118462800979614
0.0,0.14118462800979614
0.0,0.14118462800979614
0.0,0.14118462800979614
0.019999999552965164,0.1428699642419815
0.019999999552965164,0.1428699642419815
0.019999999552965164,0.1428699642419815
0.019999999552965164,0.1428699642419815
0.019999999552965164,0.1428699642419815
0.019999999552965164,0.1428699642419815
0.019999999552965164,0.1428699642419815
0.019999999552965164,0.1428699642419815
0.019999999552965164,0.1428699642419815
0.019999999552965164,0.1428699642419815
0.019999999552965164,0.1428699642419815
0.019999999552965164,0.1428699642419815
0.019999999552965164,0.1428699642419815
0.019999999552965164,0.1428699642419815
0.019999999552965164,0.1428699642419815
0.019999999552965164,0.1428699642419815
0.019999999552965164,0.1428699642419815
0.019999999552965164,0.1428699642419815
0.019999999552965164,0.1428699642419815
0.019999999552965164,0.1428699642419815
0.019999999552965164,0.1428699642419815
0.019999999552965164,0.1428699642419815
0.019999999552965164,0.1428699642419815
0.019999999552965164,0.1428699642419815
0.019999999552965164,0.1428699642419815
0.019999999552965164,0.1428699642419815
0.019999999552965164,0.1428699642419815
0.019999999552965164,0.1428699642419815
0.019999999552965164,0.1428699642419815
0.019999999552965164,0.1428699642419815
0.019999999552965164,0.1428699642419815
0.019999999552965164,0.1428699642419815
0.019999999552965164,0.1428699642419815
0.019999999552965164,0.1428699642419815
0.019999999552965164,0.1428699642419815
0.019999999552965164,0.1428699642419815
0.019999999552965164,0.1428699642419815
0.019999999552965164,0.1428699642419815
0.019999999552965164,0.1428699642419815
0.019999999552965164,0.1428699642419815
0.019999999552965164,0.1428699642419815
0.019999999552965164,0.1428699642419815
0.019999999552965164,0.1428699642419815
0.019999999552965164,0.1428699642419815
0.019999999552965164,0.1428699642419815
0.019999999552965164,0.1428699642419815
0.019999999552965164,0.1428699642419815
0.019999999552965164,0.1428699642419815
0.019999999552965164,0.1428699642419815
0.019999999552965164,0.1428699642419815
0.019999999552965164,0.1428699642419815
0.019999999552965164,0.1428699642419815
0.019999999552965164,0.1428699642419815
0.019999999552965164,0.1428699642419815
0.019999999552965164,0.1428699642419815
0.019999999552965164,0.1428699642419815
0.019999999552965164,0.1428699642419815
0.019999999552965164,0.1428699642419815
0.019999999552965164,0.1428699642419815
0.019999999552965164,0.1428699642419815
0.019999999552965164,0.1428699642419815
0.019999999552965164,0.1428699642419815
0.019999999552965164,0.1428699642419815
0.019999999552965164,0.1428699642419815
0.019999999552965164,0.1428699642419815
0.019999999552965164,0.1428699642419815
0.019999999552965164,0.1428699642419815
0.019999999552965164,0.1428699642419815
0.019999999552965164,0.1428699642419815
0.019999999552965164,0.1428699642419815
0.019999999552965164,0.1428699642419815
0.019999999552965164,0.1428699642419815
0.019999999552965164,0.1428699642419815
0.019999999552965164,0.1428699642419815
0.019999999552965164,0.1428699642419815
0.019999999552965164,0.1428699642419815
0.019999999552965164,0.1428699642419815
0.019999999552965164,0.1428699642419815
0.019999999552965164,0.1428699642419815
0.019999999552965164,0.1428699642419815
0.019999999552965164,0.1428699642419815
0.019999999552965164,0.1428699642419815
0.019999999552965164,0.1428699642419815
0.019999999552965164,0.1428699642419815
0.019999999552965164,0.1428699642419815
0.019999999552965164,0.1428699642419815
0.019999999552965164,0.1428699642419815
0.019999999552965164,0.1428699642419815
0.019999999552965164,0.1428699642419815
0.019999999552965164,0.1428699642419815
0.019999999552965164,0.1428699642419815
0.019999999552965164,0.1428699642419815
0.019999999552965164,0.1428699642419815
0.019999999552965164,0.1428699642419815
0.019999999552965164,0.1428699642419815
0.019999999552965164,0.1428699642419815
0.019999999552965164,0.1428699642419815
0.019999999552965164,0.1428699642419815
0.019999999552965164,0.1428699642419815
0.019999999552965164,0.1428699642419815
0.019999999552965164,0.1428699642419815
0.03999999910593033,0.1445564180612564
0.03999999910593033,0.1445564180612564
0.03999999910593033,0.1445564180612564
0.03999999910593033,0.1445564180612564
0.03999999910593033,0.1445564180612564
0.03999999910593033,0.1445564180612564
0.03999999910593033,0.1445564180612564
0.03999999910593033,0.1445564180612564
0.03999999910593033,0.1445564180612564
0.03999999910593033,0.1445564180612564
0.03999999910593033,0.1445564180612564
0.03999999910593033,0.1445564180612564
0.03999999910593033,0.1445564180612564
0.03999999910593033,0.1445564180612564
0.03999999910593033,0.1445564180612564
0.03999999910593033,0.1445564180612564
0.03999999910593033,0.1445564180612564
0.03999999910593033,0.1445564180612564
0.03999999910593033,0.1445564180612564
0.03999999910593033,0.1445564180612564
0.03999999910593033,0.1445564180612564
0.03999999910593033,0.1445564180612564
0.03999999910593033,0.1445564180612564
0.03999999910593033,0.1445564180612564
0.03999999910593033,0.1445564180612564
0.03999999910593033,0.1445564180612564
0.03999999910593033,0.1445564180612564
0.03999999910593033,0.1445564180612564
0.03999999910593033,0.1445564180612564
0.03999999910593033,0.1445564180612564
0.03999999910593033,0.1445564180612564
0.03999999910593033,0.1445564180612564
0.03999999910593033,0.1445564180612564
0.03999999910593033,0.1445564180612564
0.03999999910593033,0.1445564180612564
0.03999999910593033,0.1445564180612564
0.03999999910593033,0.1445564180612564
0.03999999910593033,0.1445564180612564
0.03999999910593033,0.1445564180612564
0.03999999910593033,0.1445564180612564
0.03999999910593033,0.1445564180612564
0.03999999910593033,0.1445564180612564
0.03999999910593033,0.1445564180612564
0.03999999910593033,0.1445564180612564
0.03999999910593033,0.1445564180612564
0.03999999910593033,0.1445564180612564
0.03999999910593033,0.1445564180612564
0.03999999910593033,0.1445564180612564
0.03999999910593033,0.1445564180612564
0.03999999910593033,0.1445564180612564
0.03999999910593033,0.1445564180612564
0.03999999910593033,0.1445564180612564
0.03999999910593033,0.1445564180612564
0.03999999910593033,0.1445564180612564
0.03999999910593033,0.1445564180612564
0.03999999910593033,0.1445564180612564
0.03999999910593033,0.1445564180612564
0.03999999910593033,0.1445564180612564
0.03999999910593033,0.1445564180612564
0.03999999910593033,0.1445564180612564
0.03999999910593033,0.1445564180612564
0.03999999910593033,0.1445564180612564
0.03999999910593033,0.1445564180612564
0.03999999910593033,0.1445564180612564
0.03999999910593033,0.1445564180612564
0.03999999910593033,0.1445564180612564
0.03999999910593033,0.1445564180612564
0.03999999910593033,0.1445564180612564
0.03999999910593033,0.1445564180612564
0.03999999910593033,0.1445564180612564
0.03999999910593033,0.1445564180612564
0.03999999910593033,0.1445564180612564
0.03999999910593033,0.1445564180612564
0.03999999910593033,0.1445564180612564
0.03999999910593033,0.1445564180612564
0.03999999910593033,0.1445564180612564
0.03999999910593033,0.1445564180612564
0.03999999910593033,0.1445564180612564
0.03999999910593033,0.1445564180612564
0.03999999910593033,0.1445564180612564
0.03999999910593033,0.1445564180612564
0.03999999910593033,0.1445564180612564
0.03999999910593033,0.1445564180612564
0.03999999910593033,0.1445564180612564
0.03999999910593033,0.1445564180612564
0.03999999910593033,0.1445564180612564
0.03999999910593033,0.1445564180612564
0.03999999910593033,0.1445564180612564
0.03999999910593033,0.1445564180612564
0.03999999910593033,0.1445564180612564
0.03999999910593033,0.1445564180612564
0.03999999910593033,0.1445564180612564
0.03999999910593033,0.1445564180612564
0.03999999910593033,0.1445564180612564
0.03999999910593033,0.1445564180612564
0.03999999910593033,0.1445564180612564
0.03999999910593033,0.1445564180612564
0.03999999910593033,0.1445564180612564
0.03999999910593033,0.1445564180612564
0.03999999910593033,0.1445564180612564
0.03999999910593033,0.1445564180612564
0.05999999865889549,0.1462441235780716
0.05999999865889549,0.1462441235780716
0.05999999865889549,0.1462441235780716
0.05999999865889549,0.1462441235780716
0.05999999865889549,0.1462441235780716
0.05999999865889549,0.1462441235780716
0.05999999865889549,0.1462441235780716
0.05999999865889549,0.1462441235780716
0.05999999865889549,0.1462441235780716
0.05999999865889549,0.1462441235780716
0.05999999865889549,0.1462441235780716
0.05999999865889549,0.1462441235780716
0.05999999865889549,0.1462441235780716
0.05999999865889549,0.1462441235780716
0.05999999865889549,0.1462441235780716
0.05999999865889549,0.1462441235780716
0.05999999865889549,0.1462441235780716
0.05999999865889549,0.1462441235780716
0.05999999865889549,0.1462441235780716
0.05999999865889549,0.1462441235780716
0.05999999865889549,0.1462441235780716
0.05999999865889549,0.1462441235780716
0.05999999865889549,0.1462441235780716
0.05999999865889549,0.1462441235780716
0.05999999865889549,0.1462441235780716
0.05999999865889549,0.1462441235780716
0.05999999865889549,0.1462441235780716
0.05999999865889549,0.1462441235780716
0.05999999865889549,0.1462441235780716
0.05999999865889549,0.1462441235780716
0.05999999865889549,0.1462441235780716
0.05999999865889549,0.1462441235780716
0.05999999865889549,0.1462441235780716
0.05999999865889549,0.1462441235780716
0.05999999865889549,0.1462441235780716
0.05999999865889549,0.1462441235780716
0.05999999865889549,0.1462441235780716
0.05999999865889549,0.1462441235780716
0.05999999865889549,0.1462441235780716
0.05999999865889549,0.1462441235780716
0.05999999865889549,0.1462441235780716
0.05999999865889549,0.1462441235780716
0.05999999865889549,0.1462441235780716
0.05999999865889549,0.1462441235780716
0.05999999865889549,0.1462441235780716
0.05999999865889549,0.1462441235780716
0.05999999865889549,0.1462441235780716
0.05999999865889549,0.1462441235780716
0.05999999865889549,0.1462441235780716
0.05999999865889549,0.1462441235780716
0.05999999865889549,0.1462441235780716
0.05999999865889549,0.1462441235780716
0.05999999865889549,0.1462441235780716
0.05999999865889549,0.1462441235780716
0.05999999865889549,0.1462441235780716
0.05999999865889549,0.1462441235780716
0.05999999865889549,0.1462441235780716
0.05999999865889549,0.1462441235780716
0.05999999865889549,0.1462441235780716
0.05999999865889549,0.1462441235780716
0.05999999865889549,0.1462441235780716
0.05999999865889549,0.1462441235780716
0.05999999865889549,0.1462441235780716
0.05999999865889549,0.1462441235780716
0.05999999865889549,0.1462441235780716
0.05999999865889549,0.1462441235780716
0.05999999865889549,0.1462441235780716
0.05999999865889549,0.1462441235780716
0.05999999865889549,0.1462441235780716
0.05999999865889549,0.1462441235780716
0.05999999865889549,0.1462441235780716
0.05999999865889549,0.1462441235780716
0.05999999865889549,0.1462441235780716
0.05999999865889549,0.1462441235780716
0.05999999865889549,0.1462441235780716
0.05999999865889549,0.1462441235780716
0.05999999865889549,0.1462441235780716
0.05999999865889549,0.1462441235780716
0.05999999865889549,0.1462441235780716
0.05999999865889549,0.1462441235780716
0.05999999865889549,0.1462441235780716
0.05999999865889549,0.1462441235780716
0.05999999865889549,0.1462441235780716
0.05999999865889549,0.1462441235780716
0.05999999865889549,0.1462441235780716
0.05999999865889549,0.1462441235780716
0.05999999865889549,0.1462441235780716
0.05999999865889549,0.1462441235780716
0.05999999865889549,0.1462441235780716
0.05999999865889549,0.1462441235780716
0.05999999865889549,0.1462441235780716
0.05999999865889549,0.1462441235780716
0.05999999865889549,0.1462441235780716
0.05999999865889549,0.1462441235780716
0.05999999865889549,0.1462441235780716
0.05999999865889549,0.1462441235780716
0.05999999865889549,0.1462441235780716
0.05999999865889549,0.1462441235780716
0.05999999865889549,0.1462441235780716
0.05999999865889549,0.1462441235780716
0.05999999865889549,0.1462441235780716
0.07999999821186066,0.14793308079242706
0.07999999821186066,0.14793308079242706
0.07999999821186066,0.14793308079242706
0.07999999821186066,0.14793308079242706
0.07999999821186066,0.14793308079242706
0.07999999821186066,0.14793308079242706
0.07999999821186066,0.14793308079242706
0.07999999821186066,0.14793308079242706
0.07999999821186066,0.14793308079242706
0.07999999821186066,0.14793308079242706
0.07999999821186066,0.14793308079242706
0.07999999821186066,0.14793308079242706
0.07999999821186066,0.14793308079242706
0.07999999821186066,0.14793308079242706
0.07999999821186066,0.14793308079242706
0.07999999821186066,0.14793308079242706
0.07999999821186066,0.14793308079242706
0.07999999821186066,0.14793308079242706
0.07999999821186066,0.14793308079242706
0.07999999821186066,0.14793308079242706
0.07999999821186066,0.14793308079242706
0.07999999821186066,0.14793308079242706
0.07999999821186066,0.14793308079242706
0.07999999821186066,0.14793308079242706
0.07999999821186066,0.14793308079242706
0.07999999821186066,0.14793308079242706
0.07999999821186066,0.14793308079242706
0.07999999821186066,0.14793308079242706
0.07999999821186066,0.14793308079242706
0.07999999821186066,0.14793308079242706
0.07999999821186066,0.14793308079242706
0.07999999821186066,0.14793308079242706
0.07999999821186066,0.14793308079242706
0.07999999821186066,0.14793308079242706
0.07999999821186066,0.14793308079242706
0.07999999821186066,0.14793308079242706
0.07999999821186066,0.14793308079242706
0.07999999821186066,0.14793308079242706
0.07999999821186066,0.14793308079242706
0.07999999821186066,0.14793308079242706
0.07999999821186066,0.14793308079242706
0.07999999821186066,0.14793308079242706
0.07999999821186066,0.14793308079242706
0.07999999821186066,0.14793308079242706
0.07999999821186066,0.14793308079242706
0.07999999821186066,0.14793308079242706
0.07999999821186066,0.14793308079242706
0.07999999821186066,0.14793308079242706
0.07999999821186066,0.14793308079242706
0.07999999821186066,0.14793308079242706
0.07999999821186066,0.14793308079242706
0.07999999821186066,0.14793308079242706
0.07999999821186066,0.14793308079242706
0.07999999821186066,0.14793308079242706
0.07999999821186066,0.14793308079242706
0.07999999821186066,0.14793308079242706
0.07999999821186066,0.14793308079242706
0.07999999821186066,0.14793308079242706
0.07999999821186066,0.14793308079242706
0.07999999821186066,0.14793308079242706
0.07999999821186066,0.14793308079242706
0.07999999821186066,0.14793308079242706
0.07999999821186066,0.14793308079242706
0.07999999821186066,0.14793308079242706
0.07999999821186066,0.14793308079242706
0.07999999821186066,0.14793308079242706
0.07999999821186066,0.14793308079242706
0.07999999821186066,0.14793308079242706
0.07999999821186066,0.14793308079242706
0.07999999821186066,0.14793308079242706
0.07999999821186066,0.14793308079242706
0.07999999821186066,0.14793308079242706
0.07999999821186066,0.14793308079242706
0.07999999821186066,0.14793308079242706
0.07999999821186066,0.14793308079242706
0.07999999821186066,0.14793308079242706
0.07999999821186066,0.14793308079242706
0.07999999821186066,0.14793308079242706
0.07999999821186066,0.14793308079242706
0.07999999821186066,0.14793308079242706
0.07999999821186066,0.14793308079242706
0.07999999821186066,0.14793308079242706
0.07999999821186066,0.14793308079242706
0.07999999821186066,0.14793308079242706
0.07999999821186066,0.14793308079242706
0.07999999821186066,0.14793308079242706
0.07999999821186066,0.14793308079242706
0.07999999821186066,0.14793308079242706
0.07999999821186066,0.14793308079242706
0.07999999821186066,0.14793308079242706
0.07999999821186066,0.14793308079242706
0.07999999821186066,0.14793308079242706
0.07999999821186066,0.14793308079242706
0.07999999821186066,0.14793308079242706
0.07999999821186066,0.14793308079242706
0.07999999821186066,0.14793308079242706
0.07999999821186066,0.14793308079242706
0.07999999821186066,0.14793308079242706
0.07999999821186066,0.14793308079242706
0.07999999821186066,0.14793308079242706
0.07999999821186066,0.14793308079242706
0.10000000149011612,0.14962328970432281
0.10000000149011612,0.14962328970432281
0.10000000149011612,0.14962328970432281
0.10000000149011612,0.14962328970432281
0.10000000149011612,0.14962328970432281
0.10000000149011612,0.14962328970432281
0.10000000149011612,0.14962328970432281
0.10000000149011612,0.14962328970432281
0.10000000149011612,0.14962328970432281
0.10000000149011612,0.14962328970432281
0.10000000149011612,0.14962328970432281
0.10000000149011612,0.14962328970432281
0.10000000149011612,0.14962328970432281
0.10000000149011612,0.14962328970432281
0.10000000149011612,0.14962328970432281
0.10000000149011612,0.14962328970432281
0.10000000149011612,0.14962328970432281
0.10000000149011612,0.14962328970432281
0.10000000149011612,0.14962328970432281
0.10000000149011612,0.14962328970432281
0.10000000149011612,0.14962328970432281
0.10000000149011612,0.14962328970432281
0.10000000149011612,0.14962328970432281
0.10000000149011612,0.14962328970432281
0.10000000149011612,0.14962328970432281
0.10000000149011612,0.14962328970432281
0.10000000149011612,0.14962328970432281
0.10000000149011612,0.14962328970432281
0.10000000149011612,0.14962328970432281
0.10000000149011612,0.14962328970432281
0.10000000149011612,0.14962328970432281
0.10000000149011612,0.14962328970432281
0.10000000149011612,0.14962328970432281
0.10000000149011612,0.14962328970432281
0.10000000149011612,0.14962328970432281
0.10000000149011612,0.14962328970432281
0.10000000149011612,0.14962328970432281
0.10000000149011612,0.14962328970432281
0.10000000149011612,0.14962328970432281
0.10000000149011612,0.14962328970432281
0.10000000149011612,0.14962328970432281
0.10000000149011612,0.14962328970432281
0.10000000149011612,0.14962328970432281
0.10000000149011612,0.14962328970432281
0.10000000149011612,0.14962328970432281
0.10000000149011612,0.14962328970432281
0.10000000149011612,0.14962328970432281
0.10000000149011612,0.14962328970432281
0.10000000149011612,0.14962328970432281
0.10000000149011612,0.14962328970432281
0.10000000149011612,0.14962328970432281
0.10000000149011612,0.14962328970432281
0.10000000149011612,0.14962328970432281
0.10000000149011612,0.14962328970432281
0.10000000149011612,0.14962328970432281
0.10000000149011612,0.14962328970432281
0.10000000149011612,0.14962328970432281
0.10000000149011612,0.14962328970432281
0.10000000149011612,0.14962328970432281
0.10000000149011612,0.14962328970432281
0.10000000149011612,0.14962328970432281
0.10000000149011612,0.14962328970432281
0.10000000149011612,0.14962328970432281
0.10000000149011612,0.14962328970432281
0.10000000149011612,0.14962328970432281
0.10000000149011612,0.14962328970432281
0.10000000149011612,0.14962328970432281
0.10000000149011612,0.14962328970432281
0.10000000149011612,0.14962328970432281
0.10000000149011612,0.14962328970432281
0.10000000149011612,0.14962328970432281
0.10000000149011612,0.14962328970432281
0.10000000149011612,0.14962328970432281
0.10000000149011612,0.14962328970432281
0.10000000149011612,0.14962328970432281
0.10000000149011612,0.14962328970432281
0.10000000149011612,0.14962328970432281
0.10000000149011612,0.14962328970432281
0.10000000149011612,0.14962328970432281
0.10000000149011612,0.14962328970432281
0.10000000149011612,0.14962328970432281
0.10000000149011612,0.14962328970432281
0.10000000149011612,0.14962328970432281
0.10000000149011612,0.14962328970432281
0.10000000149011612,0.14962328970432281
0.10000000149011612,0.14962328970432281
0.10000000149011612,0.14962328970432281
0.10000000149011612,0.14962328970432281
0.10000000149011612,0.14962328970432281
0.10000000149011612,0.14962328970432281
0.10000000149011612,0.14962328970432281
0.10000000149011612,0.14962328970432281
0.10000000149011612,0.14962328970432281
0.10000000149011612,0.14962328970432281
0.10000000149011612,0.14962328970432281
0.10000000149011612,0.14962328970432281
0.10000000149011612,0.14962328970432281
0.10000000149011612,0.14962328970432281
0.10000000149011612,0.14962328970432281
0.10000000149011612,0.14962328970432281
0.10000000149011612,0.14962328970432281
0.11999999731779099,0.15131469070911407
0.11999999731779099,0.15131469070911407
0.11999999731779099,0.15131469070911407
0.11999999731779099,0.15131469070911407
0.11999999731779099,0.15131469070911407
0.11999999731779099,0.15131469070911407
0.11999999731779099,0.15131469070911407
0.11999999731779099,0.15131469070911407
0.11999999731779099,0.15131469070911407
0.11999999731779099,0.15131469070911407
0.11999999731779099,0.15131469070911407
0.11999999731779099,0.15131469070911407
0.11999999731779099,0.15131469070911407
0.11999999731779099,0.15131469070911407
0.11999999731779099,0.15131469070911407
0.11999999731779099,0.15131469070911407
0.11999999731779099,0.15131469070911407
0.11999999731779099,0.15131469070911407
0.11999999731779099,0.15131469070911407
0.11999999731779099,0.15131469070911407
0.11999999731779099,0.15131469070911407
0.11999999731779099,0.15131469070911407
0.11999999731779099,0.15131469070911407
0.11999999731779099,0.15131469070911407
0.11999999731779099,0.15131469070911407
0.11999999731779099,0.15131469070911407
0.11999999731779099,0.15131469070911407
0.11999999731779099,0.15131469070911407
0.11999999731779099,0.15131469070911407
0.11999999731779099,0.15131469070911407
0.11999999731779099,0.15131469070911407
0.11999999731779099,0.15131469070911407
0.11999999731779099,0.15131469070911407
0.11999999731779099,0.15131469070911407
0.11999999731779099,0.15131469070911407
0.11999999731779099,0.15131469070911407
0.11999999731779099,0.15131469070911407
0.11999999731779099,0.15131469070911407
0.11999999731779099,0.15131469070911407
0.11999999731779099,0.15131469070911407
0.11999999731779099,0.15131469070911407
0.11999999731779099,0.15131469070911407
0.11999999731779099,0.15131469070911407
0.11999999731779099,0.15131469070911407
0.11999999731779099,0.15131469070911407
0.11999999731779099,0.15131469070911407
0.11999999731779099,0.15131469070911407
0.11999999731779099,0.15131469070911407
0.11999999731779099,0.15131469070911407
0.11999999731779099,0.15131469070911407
0.11999999731779099,0.15131469070911407
0.11999999731779099,0.15131469070911407
0.11999999731779099,0.15131469070911407
0.11999999731779099,0.15131469070911407
0.11999999731779099,0.15131469070911407
0.11999999731779099,0.15131469070911407
0.11999999731779099,0.15131469070911407
0.11999999731779099,0.15131469070911407
0.11999999731779099,0.15131469070911407
0.11999999731779099,0.15131469070911407
0.11999999731779099,0.15131469070911407
0.11999999731779099,0.15131469070911407
0.11999999731779099,0.15131469070911407
0.11999999731779099,0.15131469070911407
0.11999999731779099,0.15131469070911407
0.11999999731779099,0.15131469070911407
0.11999999731779099,0.15131469070911407
0.11999999731779099,0.15131469070911407
0.11999999731779099,0.15131469070911407
0.11999999731779099,0.15131469070911407
0.11999999731779099,0.15131469070911407
0.11999999731779099,0.15131469070911407
0.11999999731779099,0.15131469070911407
0.11999999731779099,0.15131469070911407
0.11999999731779099,0.15131469070911407
0.11999999731779099,0.15131469070911407
0.11999999731779099,0.15131469070911407
0.11999999731779099,0.15131469070911407
0.11999999731779099,0.15131469070911407
0.11999999731779099,0.15131469070911407
0.11999999731779099,0.15131469070911407
0.11999999731779099,0.15131469070911407
0.11999999731779099,0.15131469070911407
0.11999999731779099,0.15131469070911407
0.11999999731779099,0.15131469070911407
0.11999999731779099,0.15131469070911407
0.11999999731779099,0.15131469070911407
0.11999999731779099,0.15131469070911407
0.11999999731779099,0.15131469070911407
0.11999999731779099,0.15131469070911407
0.11999999731779099,0.15131469070911407
0.11999999731779099,0.15131469070911407
0.11999999731779099,0.15131469070911407
0.11999999731779099,0.15131469070911407
0.11999999731779099,0.15131469070911407
0.11999999731779099,0.15131469070911407
0.11999999731779099,0.15131469070911407
0.11999999731779099,0.15131469070911407
0.11999999731779099,0.15131469070911407
0.11999999731779099,0.15131469070911407
0.11999999731779099,0.15131469070911407
0.14000000059604645,0.15300731360912323
0.14000000059604645,0.15300731360912323
0.14000000059604645,0.15300731360912323
0.14000000059604645,0.15300731360912323
0.14000000059604645,0.15300731360912323
0.14000000059604645,0.15300731360912323
0.14000000059604645,0.15300731360912323
0.14000000059604645,0.15300731360912323
0.14000000059604645,0.15300731360912323
0.14000000059604645,0.15300731360912323
0.14000000059604645,0.15300731360912323
0.14000000059604645,0.15300731360912323
0.14000000059604645,0.15300731360912323
0.14000000059604645,0.15300731360912323
0.14000000059604645,0.15300731360912323
0.14000000059604645,0.15300731360912323
0.14000000059604645,0.15300731360912323
0.14000000059604645,0.15300731360912323
0.14000000059604645,0.15300731360912323
0.14000000059604645,0.15300731360912323
0.14000000059604645,0.15300731360912323
0.14000000059604645,0.15300731360912323
0.14000000059604645,0.15300731360912323
0.14000000059604645,0.15300731360912323
0.14000000059604645,0.15300731360912323
0.14000000059604645,0.15300731360912323
0.14000000059604645,0.15300731360912323
0.14000000059604645,0.15300731360912323
0.14000000059604645,0.15300731360912323
0.14000000059604645,0.15300731360912323
0.14000000059604645,0.15300731360912323
0.14000000059604645,0.15300731360912323
0.14000000059604645,0.15300731360912323
0.14000000059604645,0.15300731360912323
0.14000000059604645,0.15300731360912323
0.14000000059604645,0.15300731360912323
0.14000000059604645,0.15300731360912323
0.14000000059604645,0.15300731360912323
0.14000000059604645,0.15300731360912323
0.14000000059604645,0.15300731360912323
0.14000000059604645,0.15300731360912323
0.14000000059604645,0.15300731360912323
0.14000000059604645,0.15300731360912323
0.14000000059604645,0.15300731360912323
0.14000000059604645,0.15300731360912323
0.14000000059604645,0.15300731360912323
0.14000000059604645,0.15300731360912323
0.14000000059604645,0.15300731360912323
0.14000000059604645,0.15300731360912323
0.14000000059604645,0.15300731360912323
0.14000000059604645,0.15300731360912323
0.14000000059604645,0.15300731360912323
0.14000000059604645,0.15300731360912323
0.14000000059604645,0.15300731360912323
0.14000000059604645,0.15300731360912323
0.14000000059604645,0.15300731360912323
0.14000000059604645,0.15300731360912323
0.14000000059604645,0.15300731360912323
0.14000000059604645,0.15300731360912323
0.14000000059604645,0.15300731360912323
0.14000000059604645,0.15300731360912323
0.14000000059604645,0.15300731360912323
0.14000000059604645,0.15300731360912323
0.14000000059604645,0.15300731360912323
0.14000000059604645,0.15300731360912323
0.14000000059604645,0.15300731360912323
0.14000000059604645,0.15300731360912323
0.14000000059604645,0.15300731360912323
0.14000000059604645,0.15300731360912323
0.14000000059604645,0.15300731360912323
0.14000000059604645,0.15300731360912323
0.14000000059604645,0.15300731360912323
0.14000000059604645,0.15300731360912323
0.14000000059604645,0.15300731360912323
0.14000000059604645,0.15300731360912323
0.14000000059604645,0.15300731360912323
0.14000000059604645,0.15300731360912323
0.14000000059604645,0.15300731360912323
0.14000000059604645,0.15300731360912323
0.14000000059604645,0.15300731360912323
0.14000000059604645,0.15300731360912323
0.14000000059604645,0.15300731360912323
0.14000000059604645,0.15300731360912323
0.14000000059604645,0.15300731360912323
0.14000000059604645,0.15300731360912323
0.14000000059604645,0.15300731360912323
0.14000000059604645,0.15300731360912323
0.14000000059604645,0.15300731360912323
0.14000000059604645,0.15300731360912323
0.14000000059604645,0.15300731360912323
0.14000000059604645,0.15300731360912323
0.14000000059604645,0.15300731360912323
0.14000000059604645,0.15300731360912323
0.14000000059604645,0.15300731360912323
0.14000000059604645,0.15300731360912323
0.14000000059604645,0.15300731360912323
0.14000000059604645,0.15300731360912323
0.14000000059604645,0.15300731360912323
0.14000000059604645,0.15300731360912323
0.14000000059604645,0.15300731360912323
0.14000000059604645,0.15300731360912323
0.1599999964237213,0.1547011137008667
0.1599999964237213,0.1547011137008667
0.1599999964237213,0.1547011137008667
0.1599999964237213,0.1547011137008667
0.1599999964237213,0.1547011137008667
0.1599999964237213,0.1547011137008667
0.1599999964237213,0.1547011137008667
0.1599999964237213,0.1547011137008667
0.1599999964237213,0.1547011137008667
0.1599999964237213,0.1547011137008667
0.1599999964237213,0.1547011137008667
0.1599999964237213,0.1547011137008667
0.1599999964237213,0.1547011137008667
0.1599999964237213,0.1547011137008667
0.1599999964237213,0.1547011137008667
0.1599999964237213,0.1547011137008667
0.1599999964237213,0.1547011137008667
0.1599999964237213,0.1547011137008667
0.1599999964237213,0.1547011137008667
0.1599999964237213,0.1547011137008667
0.1599999964237213,0.1547011137008667
0.1599999964237213,0.1547011137008667
0.1599999964237213,0.1547011137008667
0.1599999964237213,0.1547011137008667
0.1599999964237213,0.1547011137008667
0.1599999964237213,0.1547011137008667
0.1599999964237213,0.1547011137008667
0.1599999964237213,0.1547011137008667
0.1599999964237213,0.1547011137008667
0.1599999964237213,0.1547011137008667
0.1599999964237213,0.1547011137008667
0.1599999964237213,0.1547011137008667
0.1599999964237213,0.1547011137008667
0.1599999964237213,0.1547011137008667
0.1599999964237213,0.1547011137008667
0.1599999964237213,0.1547011137008667
0.1599999964237213,0.1547011137008667
0.1599999964237213,0.1547011137008667
0.1599999964237213,0.1547011137008667
0.1599999964237213,0.1547011137008667
0.1599999964237213,0.1547011137008667
0.1599999964237213,0.1547011137008667
0.1599999964237213,0.1547011137008667
0.1599999964237213,0.1547011137008667
0.1599999964237213,0.1547011137008667
0.1599999964237213,0.1547011137008667
0.1599999964237213,0.1547011137008667
0.1599999964237213,0.1547011137008667
0.1599999964237213,0.1547011137008667
0.1599999964237213,0.1547011137008667
0.1599999964237213,0.1547011137008667
0.1599999964237213,0.1547011137008667
0.1599999964237213,0.1547011137008667
0.1599999964237213,0.1547011137008667
0.1599999964237213,0.1547011137008667
0.1599999964237213,0.1547011137008667
0.1599999964237213,0.1547011137008667
0.1599999964237213,0.1547011137008667
0.1599999964237213,0.1547011137008667
0.1599999964237213,0.1547011137008667
0.1599999964237213,0.1547011137008667
0.1599999964237213,0.1547011137008667
0.1599999964237213,0.1547011137008667
0.1599999964237213,0.1547011137008667
0.1599999964237213,0.1547011137008667
0.1599999964237213,0.1547011137008667
0.1599999964237213,0.1547011137008667
0.1599999964237213,0.1547011137008667
0.1599999964237213,0.1547011137008667
0.1599999964237213,0.1547011137008667
0.1599999964237213,0.1547011137008667
0.1599999964237213,0.1547011137008667
0.1599999964237213,0.1547011137008667
0.1599999964237213,0.1547011137008667
0.1599999964237213,0.1547011137008667
0.1599999964237213,0.1547011137008667
0.1599999964237213,0.1547011137008667
0.1599999964237213,0.1547011137008667
0.1599999964237213,0.1547011137008667
0.1599999964237213,0.1547011137008667
0.1599999964237213,0.1547011137008667
0.1599999964237213,0.1547011137008667
0.1599999964237213,0.1547011137008667
0.1599999964237213,0.1547011137008667
0.1599999964237213,0.1547011137008667
0.1599999964237213,0.1547011137008667
0.1599999964237213,0.1547011137008667
0.1599999964237213,0.1547011137008667
0.1599999964237213,0.1547011137008667
0.1599999964237213,0.1547011137008667
0.1599999964237213,0.1547011137008667
0.1599999964237213,0.1547011137008667
0.1599999964237213,0.1547011137008667
0.1599999964237213,0.1547011137008667
0.1599999964237213,0.1547011137008667
0.1599999964237213,0.1547011137008667
0.1599999964237213,0.1547011137008667
0.1599999964237213,0.1547011137008667
0.1599999964237213,0.1547011137008667
0.1599999964237213,0.1547011137008667
0.1599999964237213,0.1547011137008667
0.18000000715255737,0.1563960164785385
0.18000000715255737,0.1563960164785385
0.18000000715255737,0.1563960164785385
0.18000000715255737,0.1563960164785385
0.18000000715255737,0.1563960164785385
0.18000000715255737,0.1563960164785385
0.18000000715255737,0.1563960164785385
0.18000000715255737,0.1563960164785385
0.18000000715255737,0.1563960164785385
0.18000000715255737,0.1563960164785385
0.18000000715255737,0.1563960164785385
0.18000000715255737,0.1563960164785385
0.18000000715255737,0.1563960164785385
0.18000000715255737,0.1563960164785385
0.18000000715255737,0.1563960164785385
0.18000000715255737,0.1563960164785385
0.18000000715255737,0.1563960164785385
0.18000000715255737,0.1563960164785385
0.18000000715255737,0.1563960164785385
0.18000000715255737,0.1563960164785385
0.18000000715255737,0.1563960164785385
0.18000000715255737,0.1563960164785385
0.18000000715255737,0.1563960164785385
0.18000000715255737,0.1563960164785385
0.18000000715255737,0.1563960164785385
0.18000000715255737,0.1563960164785385
0.18000000715255737,0.1563960164785385
0.18000000715255737,0.1563960164785385
0.18000000715255737,0.1563960164785385
0.18000000715255737,0.1563960164785385
0.18000000715255737,0.1563960164785385
0.18000000715255737,0.1563960164785385
0.18000000715255737,0.1563960164785385
0.18000000715255737,0.1563960164785385
0.18000000715255737,0.1563960164785385
0.18000000715255737,0.1563960164785385
0.18000000715255737,0.1563960164785385
0.18000000715255737,0.1563960164785385
0.18000000715255737,0.1563960164785385
0.18000000715255737,0.1563960164785385
0.18000000715255737,0.1563960164785385
0.18000000715255737,0.1563960164785385
0.18000000715255737,0.1563960164785385
0.18000000715255737,0.1563960164785385
0.18000000715255737,0.1563960164785385
0.18000000715255737,0.1563960164785385
0.18000000715255737,0.1563960164785385
0.18000000715255737,0.1563960164785385
0.18000000715255737,0.1563960164785385
0.18000000715255737,0.1563960164785385
0.18000000715255737,0.1563960164785385
0.18000000715255737,0.1563960164785385
0.18000000715255737,0.1563960164785385
0.18000000715255737,0.1563960164785385
0.18000000715255737,0.1563960164785385
0.18000000715255737,0.1563960164785385
0.18000000715255737,0.1563960164785385
0.18000000715255737,0.1563960164785385
0.18000000715255737,0.1563960164785385
0.18000000715255737,0.1563960164785385
0.18000000715255737,0.1563960164785385
0.18000000715255737,0.1563960164785385
0.18000000715255737,0.1563960164785385
0.18000000715255737,0.1563960164785385
0.18000000715255737,0.1563960164785385
0.18000000715255737,0.1563960164785385
0.18000000715255737,0.1563960164785385
0.18000000715255737,0.1563960164785385
0.18000000715255737,0.1563960164785385
0.18000000715255737,0.1563960164785385
0.18000000715255737,0.1563960164785385
0.18000000715255737,0.1563960164785385
0.18000000715255737,0.1563960164785385
0.18000000715255737,0.1563960164785385
0.18000000715255737,0.1563960164785385
0.18000000715255737,0.1563960164785385
0.18000000715255737,0.1563960164785385
0.18000000715255737,0.1563960164785385
0.18000000715255737,0.1563960164785385
0.18000000715255737,0.1563960164785385
0.18000000715255737,0.1563960164785385
0.18000000715255737,0.1563960164785385
0.18000000715255737,0.1563960164785385
0.18000000715255737,0.1563960164785385
0.18000000715255737,0.1563960164785385
0.18000000715255737,0.1563960164785385
0.18000000715255737,0.1563960164785385
0.18000000715255737,0.1563960164785385
0.18000000715255737,0.1563960164785385
0.18000000715255737,0.1563960164785385
0.18000000715255737,0.1563960164785385
0.18000000715255737,0.1563960164785385
0.18000000715255737,0.1563960164785385
0.18000000715255737,0.1563960164785385
0.18000000715255737,0.1563960164785385
0.18000000715255737,0.1563960164785385
0.18000000715255737,0.1563960164785385
0.18000000715255737,0.1563960164785385
0.18000000715255737,0.1563960164785385
0.18000000715255737,0.1563960164785385
0.18000000715255737,0.1563960164785385
0.20000000298023224,0.1580919325351715
0.20000000298023224,0.1580919325351715
0.20000000298023224,0.1580919325351715
0.20000000298023224,0.1580919325351715
0.20000000298023224,0.1580919325351715
0.20000000298023224,0.1580919325351715
0.20000000298023224,0.1580919325351715
0.20000000298023224,0.1580919325351715
0.20000000298023224,0.1580919325351715
0.20000000298023224,0.1580919325351715
0.20000000298023224,0.1580919325351715
0.20000000298023224,0.1580919325351715
0.20000000298023224,0.1580919325351715
0.20000000298023224,0.1580919325351715
0.20000000298023224,0.1580919325351715
0.20000000298023224,0.1580919325351715
0.20000000298023224,0.1580919325351715
0.20000000298023224,0.1580919325351715
0.20000000298023224,0.1580919325351715
0.20000000298023224,0.1580919325351715
0.20000000298023224,0.1580919325351715
0.20000000298023224,0.1580919325351715
0.20000000298023224,0.1580919325351715
0.20000000298023224,0.1580919325351715
0.20000000298023224,0.1580919325351715
0.20000000298023224,0.1580919325351715
0.20000000298023224,0.1580919325351715
0.20000000298023224,0.1580919325351715
0.20000000298023224,0.1580919325351715
0.20000000298023224,0.1580919325351715
0.20000000298023224,0.1580919325351715
0.20000000298023224,0.1580919325351715
0.20000000298023224,0.1580919325351715
0.20000000298023224,0.1580919325351715
0.20000000298023224,0.1580919325351715
0.20000000298023224,0.1580919325351715
0.20000000298023224,0.1580919325351715
0.20000000298023224,0.1580919325351715
0.20000000298023224,0.1580919325351715
0.20000000298023224,0.1580919325351715
0.20000000298023224,0.1580919325351715
0.20000000298023224,0.1580919325351715
0.20000000298023224,0.1580919325351715
0.20000000298023224,0.1580919325351715
0.20000000298023224,0.1580919325351715
0.20000000298023224,0.1580919325351715
0.20000000298023224,0.1580919325351715
0.20000000298023224,0.1580919325351715
0.20000000298023224,0.1580919325351715
0.20000000298023224,0.1580919325351715
0.20000000298023224,0.1580919325351715
0.20000000298023224,0.1580919325351715
0.20000000298023224,0.1580919325351715
0.20000000298023224,0.1580919325351715
0.20000000298023224,0.1580919325351715
0.20000000298023224,0.1580919325351715
0.20000000298023224,0.1580919325351715
0.20000000298023224,0.1580919325351715
0.20000000298023224,0.1580919325351715
0.20000000298023224,0.1580919325351715
0.20000000298023224,0.1580919325351715
0.20000000298023224,0.1580919325351715
0.20000000298023224,0.1580919325351715
0.20000000298023224,0.1580919325351715
0.20000000298023224,0.1580919325351715
0.20000000298023224,0.1580919325351715
0.20000000298023224,0.1580919325351715
0.20000000298023224,0.1580919325351715
0.20000000298023224,0.1580919325351715
0.20000000298023224,0.1580919325351715
0.20000000298023224,0.1580919325351715
0.20000000298023224,0.1580919325351715
0.20000000298023224,0.1580919325351715
0.20000000298023224,0.1580919325351715
0.20000000298023224,0.1580919325351715
0.20000000298023224,0.1580919325351715
0.20000000298023224,0.1580919325351715
0.20000000298023224,0.1580919325351715
0.20000000298023224,0.1580919325351715
0.20000000298023224,0.1580919325351715
0.20000000298023224,0.1580919325351715
0.20000000298023224,0.1580919325351715
0.20000000298023224,0.1580919325351715
0.20000000298023224,0.1580919325351715
0.20000000298023224,0.1580919325351715
0.20000000298023224,0.1580919325351715
0.20000000298023224,0.1580919325351715
0.20000000298023224,0.1580919325351715
0.20000000298023224,0.1580919325351715
0.20000000298023224,0.1580919325351715
0.20000000298023224,0.1580919325351715
0.20000000298023224,0.1580919325351715
0.20000000298023224,0.1580919325351715
0.20000000298023224,0.1580919325351715
0.20000000298023224,0.1580919325351715
0.20000000298023224,0.1580919325351715
0.20000000298023224,0.1580919325351715
0.20000000298023224,0.1580919325351715
0.20000000298023224,0.1580919325351715
0.20000000298023224,0.1580919325351715
0.20000000298023224,0.1580919325351715
0.2199999988079071,0.1597888320684433
0.2199999988079071,0.1597888320684433
0.2199999988079071,0.1597888320684433
0.2199999988079071,0.1597888320684433
0.2199999988079071,0.1597888320684433
0.2199999988079071,0.1597888320684433
0.2199999988079071,0.1597888320684433
0.2199999988079071,0.1597888320684433
0.2199999988079071,0.1597888320684433
0.2199999988079071,0.1597888320684433
0.2199999988079071,0.1597888320684433
0.2199999988079071,0.1597888320684433
0.2199999988079071,0.1597888320684433
0.2199999988079071,0.1597888320684433
0.2199999988079071,0.1597888320684433
0.2199999988079071,0.1597888320684433
0.2199999988079071,0.1597888320684433
0.2199999988079071,0.1597888320684433
0.2199999988079071,0.1597888320684433
0.2199999988079071,0.1597888320684433
0.2199999988079071,0.1597888320684433
0.2199999988079071,0.1597888320684433
0.2199999988079071,0.1597888320684433
0.2199999988079071,0.1597888320684433
0.2199999988079071,0.1597888320684433
0.2199999988079071,0.1597888320684433
0.2199999988079071,0.1597888320684433
0.2199999988079071,0.1597888320684433
0.2199999988079071,0.1597888320684433
0.2199999988079071,0.1597888320684433
0.2199999988079071,0.1597888320684433
0.2199999988079071,0.1597888320684433
0.2199999988079071,0.1597888320684433
0.2199999988079071,0.1597888320684433
0.2199999988079071,0.1597888320684433
0.2199999988079071,0.1597888320684433
0.2199999988079071,0.1597888320684433
0.2199999988079071,0.1597888320684433
0.2199999988079071,0.1597888320684433
0.2199999988079071,0.1597888320684433
0.2199999988079071,0.1597888320684433
0.2199999988079071,0.1597888320684433
0.2199999988079071,0.1597888320684433
0.2199999988079071,0.1597888320684433
0.2199999988079071,0.1597888320684433
0.2199999988079071,0.1597888320684433
0.2199999988079071,0.1597888320684433
0.2199999988079071,0.1597888320684433
0.2199999988079071,0.1597888320684433
0.2199999988079071,0.1597888320684433
0.2199999988079071,0.1597888320684433
0.2199999988079071,0.1597888320684433
0.2199999988079071,0.1597888320684433
0.2199999988079071,0.1597888320684433
0.2199999988079071,0.1597888320684433
0.2199999988079071,0.1597888320684433
0.2199999988079071,0.1597888320684433
0.2199999988079071,0.1597888320684433
0.2199999988079071,0.1597888320684433
0.2199999988079071,0.1597888320684433
0.2199999988079071,0.1597888320684433
0.2199999988079071,0.1597888320684433
0.2199999988079071,0.1597888320684433
0.2199999988079071,0.1597888320684433
0.2199999988079071,0.1597888320684433
0.2199999988079071,0.1597888320684433
0.2199999988079071,0.1597888320684433
0.2199999988079071,0.1597888320684433
0.2199999988079071,0.1597888320684433
0.2199999988079071,0.1597888320684433
0.2199999988079071,0.1597888320684433
0.2199999988079071,0.1597888320684433
0.2199999988079071,0.1597888320684433
0.2199999988079071,0.1597888320684433
0.2199999988079071,0.1597888320684433
0.2199999988079071,0.1597888320684433
0.2199999988079071,0.1597888320684433
0.2199999988079071,0.1597888320684433
0.2199999988079071,0.1597888320684433
0.2199999988079071,0.1597888320684433
0.2199999988079071,0.1597888320684433
0.2199999988079071,0.1597888320684433
0.2199999988079071,0.1597888320684433
0.2199999988079071,0.1597888320684433
0.2199999988079071,0.1597888320684433
0.2199999988079071,0.1597888320684433
0.2199999988079071,0.1597888320684433
0.2199999988079071,0.1597888320684433
0.2199999988079071,0.1597888320684433
0.2199999988079071,0.1597888320684433
0.2199999988079071,0.1597888320684433
0.2199999988079071,0.1597888320684433
0.2199999988079071,0.1597888320684433
0.2199999988079071,0.1597888320684433
0.2199999988079071,0.1597888320684433
0.2199999988079071,0.1597888320684433
0.2199999988079071,0.1597888320684433
0.2199999988079071,0.1597888320684433
0.2199999988079071,0.1597888320684433
0.2199999988079071,0.1597888320684433
0.2199999988079071,0.1597888320684433
0.23999999463558197,0.16148655116558075
0.23999999463558197,0.16148655116558075
0.23999999463558197,0.16148655116558075
0.23999999463558197,0.16148655116558075
0.23999999463558197,0.16148655116558075
0.23999999463558197,0.16148655116558075
0.23999999463558197,0.16148655116558075
0.23999999463558197,0.16148655116558075
0.23999999463558197,0.16148655116558075
0.23999999463558197,0.16148655116558075
0.23999999463558197,0.16148655116558075
0.23999999463558197,0.16148655116558075
0.23999999463558197,0.16148655116558075
0.23999999463558197,0.16148655116558075
0.23999999463558197,0.16148655116558075
0.23999999463558197,0.16148655116558075
0.23999999463558197,0.16148655116558075
0.23999999463558197,0.16148655116558075
0.23999999463558197,0.16148655116558075
0.23999999463558197,0.16148655116558075
0.23999999463558197,0.16148655116558075
0.23999999463558197,0.16148655116558075
0.23999999463558197,0.16148655116558075
0.23999999463558197,0.16148655116558075
0.23999999463558197,0.16148655116558075
0.23999999463558197,0.16148655116558075
0.23999999463558197,0.16148655116558075
0.23999999463558197,0.16148655116558075
0.23999999463558197,0.16148655116558075
0.23999999463558197,0.16148655116558075
0.23999999463558197,0.16148655116558075
0.23999999463558197,0.16148655116558075
0.23999999463558197,0.16148655116558075
0.23999999463558197,0.16148655116558075
0.23999999463558197,0.16148655116558075
0.23999999463558197,0.16148655116558075
0.23999999463558197,0.16148655116558075
0.23999999463558197,0.16148655116558075
0.23999999463558197,0.16148655116558075
0.23999999463558197,0.16148655116558075
0.23999999463558197,0.16148655116558075
0.23999999463558197,0.16148655116558075
0.23999999463558197,0.16148655116558075
0.23999999463558197,0.16148655116558075
0.23999999463558197,0.16148655116558075
0.23999999463558197,0.16148655116558075
0.23999999463558197,0.16148655116558075
0.23999999463558197,0.16148655116558075
0.23999999463558197,0.16148655116558075
0.23999999463558197,0.16148655116558075
0.23999999463558197,0.16148655116558075
0.23999999463558197,0.16148655116558075
0.23999999463558197,0.16148655116558075
0.23999999463558197,0.16148655116558075
0.23999999463558197,0.16148655116558075
0.23999999463558197,0.16148655116558075
0.23999999463558197,0.16148655116558075
0.23999999463558197,0.16148655116558075
0.23999999463558197,0.16148655116558075
0.23999999463558197,0.16148655116558075
0.23999999463558197,0.16148655116558075
0.23999999463558197,0.16148655116558075
0.23999999463558197,0.16148655116558075
0.23999999463558197,0.16148655116558075
0.23999999463558197,0.16148655116558075
0.23999999463558197,0.16148655116558075
0.23999999463558197,0.16148655116558075
0.23999999463558197,0.16148655116558075
0.23999999463558197,0.16148655116558075
0.23999999463558197,0.16148655116558075
0.23999999463558197,0.16148655116558075
0.23999999463558197,0.16148655116558075
0.23999999463558197,0.16148655116558075
0.23999999463558197,0.16148655116558075
0.23999999463558197,0.16148655116558075
0.23999999463558197,0.16148655116558075
0.23999999463558197,0.16148655116558075
0.23999999463558197,0.16148655116558075
0.23999999463558197,0.16148655116558075
0.23999999463558197,0.16148655116558075
0.23999999463558197,0.16148655116558075
0.23999999463558197,0.16148655116558075
0.23999999463558197,0.16148655116558075
0.23999999463558197,0.16148655116558075
0.23999999463558197,0.16148655116558075
0.23999999463558197,0.16148655116558075
0.23999999463558197,0.16148655116558075
0.23999999463558197,0.16148655116558075
0.23999999463558197,0.16148655116558075
0.23999999463558197,0.16148655116558075
0.23999999463558197,0.16148655116558075
0.23999999463558197,0.16148655116558075
0.23999999463558197,0.16148655116558075
0.23999999463558197,0.16148655116558075
0.23999999463558197,0.16148655116558075
0.23999999463558197,0.16148655116558075
0.23999999463558197,0.16148655116558075
0.23999999463558197,0.16148655116558075
0.23999999463558197,0.16148655116558075
0.23999999463558197,0.16148655116558075
0.23999999463558197,0.16148655116558075
0.25999999046325684,0.1631850004196167
0.25999999046325684,0.1631850004196167
0.25999999046325684,0.1631850004196167
0.25999999046325684,0.1631850004196167
0.25999999046325684,0.1631850004196167
0.25999999046325684,0.1631850004196167
0.25999999046325684,0.1631850004196167
0.25999999046325684,0.1631850004196167
0.25999999046325684,0.1631850004196167
0.25999999046325684,0.1631850004196167
0.25999999046325684,0.1631850004196167
0.25999999046325684,0.1631850004196167
0.25999999046325684,0.1631850004196167
0.25999999046325684,0.1631850004196167
0.25999999046325684,0.1631850004196167
0.25999999046325684,0.1631850004196167
0.25999999046325684,0.1631850004196167
0.25999999046325684,0.1631850004196167
0.25999999046325684,0.1631850004196167
0.25999999046325684,0.1631850004196167
0.25999999046325684,0.1631850004196167
0.25999999046325684,0.1631850004196167
0.25999999046325684,0.1631850004196167
0.25999999046325684,0.1631850004196167
0.25999999046325684,0.1631850004196167
0.25999999046325684,0.1631850004196167
0.25999999046325684,0.1631850004196167
0.25999999046325684,0.1631850004196167
0.25999999046325684,0.1631850004196167
0.25999999046325684,0.1631850004196167
0.25999999046325684,0.1631850004196167
0.25999999046325684,0.1631850004196167
0.25999999046325684,0.1631850004196167
0.25999999046325684,0.1631850004196167
0.25999999046325684,0.1631850004196167
0.25999999046325684,0.1631850004196167
0.25999999046325684,0.1631850004196167
0.25999999046325684,0.1631850004196167
0.25999999046325684,0.1631850004196167
0.25999999046325684,0.1631850004196167
0.25999999046325684,0.1631850004196167
0.25999999046325684,0.1631850004196167
0.25999999046325684,0.1631850004196167
0.25999999046325684,0.1631850004196167
0.25999999046325684,0.1631850004196167
0.25999999046325684,0.1631850004196167
0.25999999046325684,0.1631850004196167
0.25999999046325684,0.1631850004196167
0.25999999046325684,0.1631850004196167
0.25999999046325684,0.1631850004196167
0.25999999046325684,0.1631850004196167
0.25999999046325684,0.1631850004196167
0.25999999046325684,0.1631850004196167
0.25999999046325684,0.1631850004196167
0.25999999046325684,0.1631850004196167
0.25999999046325684,0.1631850004196167
0.25999999046325684,0.1631850004196167
0.25999999046325684,0.1631850004196167
0.25999999046325684,0.1631850004196167
0.25999999046325684,0.1631850004196167
0.25999999046325684,0.1631850004196167
0.25999999046325684,0.1631850004196167
0.25999999046325684,0.1631850004196167
0.25999999046325684,0.1631850004196167
0.25999999046325684,0.1631850004196167
0.25999999046325684,0.1631850004196167
0.25999999046325684,0.1631850004196167
0.25999999046325684,0.1631850004196167
0.25999999046325684,0.1631850004196167
0.25999999046325684,0.1631850004196167
0.25999999046325684,0.1631850004196167
0.25999999046325684,0.1631850004196167
0.25999999046325684,0.1631850004196167
0.25999999046325684,0.1631850004196167
0.25999999046325684,0.1631850004196167
0.25999999046325684,0.1631850004196167
0.25999999046325684,0.1631850004196167
0.25999999046325684,0.1631850004196167
0.25999999046325684,0.1631850004196167
0.25999999046325684,0.1631850004196167
0.25999999046325684,0.1631850004196167
0.25999999046325684,0.1631850004196167
0.25999999046325684,0.1631850004196167
0.25999999046325684,0.1631850004196167
0.25999999046325684,0.1631850004196167
0.25999999046325684,0.1631850004196167
0.25999999046325684,0.1631850004196167
0.25999999046325684,0.1631850004196167
0.25999999046325684,0.1631850004196167
0.25999999046325684,0.1631850004196167
0.25999999046325684,0.1631850004196167
0.25999999046325684,0.1631850004196167
0.25999999046325684,0.1631850004196167
0.25999999046325684,0.1631850004196167
0.25999999046325684,0.1631850004196167
0.25999999046325684,0.1631850004196167
0.25999999046325684,0.1631850004196167
0.25999999046325684,0.1631850004196167
0.25999999046325684,0.1631850004196167
0.25999999046325684,0.1631850004196167
0.25999999046325684,0.1631850004196167
0.2800000011920929,0.1648840606212616
0.2800000011920929,0.1648840606212616
0.2800000011920929,0.1648840606212616
0.2800000011920929,0.1648840606212616
0.2800000011920929,0.1648840606212616
0.2800000011920929,0.1648840606212616
0.2800000011920929,0.1648840606212616
0.2800000011920929,0.1648840606212616
0.2800000011920929,0.1648840606212616
0.2800000011920929,0.1648840606212616
0.2800000011920929,0.1648840606212616
0.2800000011920929,0.1648840606212616
0.2800000011920929,0.1648840606212616
0.2800000011920929,0.1648840606212616
0.2800000011920929,0.1648840606212616
0.2800000011920929,0.1648840606212616
0.2800000011920929,0.1648840606212616
0.2800000011920929,0.1648840606212616
0.2800000011920929,0.1648840606212616
0.2800000011920929,0.1648840606212616
0.2800000011920929,0.1648840606212616
0.2800000011920929,0.1648840606212616
0.2800000011920929,0.1648840606212616
0.2800000011920929,0.1648840606212616
0.2800000011920929,0.1648840606212616
0.2800000011920929,0.1648840606212616
0.2800000011920929,0.1648840606212616
0.2800000011920929,0.1648840606212616
0.2800000011920929,0.1648840606212616
0.2800000011920929,0.1648840606212616
0.2800000011920929,0.1648840606212616
0.2800000011920929,0.1648840606212616
0.2800000011920929,0.1648840606212616
0.2800000011920929,0.1648840606212616
0.2800000011920929,0.1648840606212616
0.2800000011920929,0.1648840606212616
0.2800000011920929,0.1648840606212616
0.2800000011920929,0.1648840606212616
0.2800000011920929,0.1648840606212616
0.2800000011920929,0.1648840606212616
0.2800000011920929,0.1648840606212616
0.2800000011920929,0.1648840606212616
0.2800000011920929,0.1648840606212616
0.2800000011920929,0.1648840606212616
0.2800000011920929,0.1648840606212616
0.2800000011920929,0.1648840606212616
0.2800000011920929,0.1648840606212616
0.2800000011920929,0.1648840606212616
0.2800000011920929,0.1648840606212616
0.2800000011920929,0.1648840606212616
0.2800000011920929,0.1648840606212616
0.2800000011920929,0.1648840606212616
0.2800000011920929,0.1648840606212616
0.2800000011920929,0.1648840606212616
0.2800000011920929,0.1648840606212616
0.2800000011920929,0.1648840606212616
0.2800000011920929,0.1648840606212616
0.2800000011920929,0.1648840606212616
0.2800000011920929,0.1648840606212616
0.2800000011920929,0.1648840606212616
0.2800000011920929,0.1648840606212616
0.2800000011920929,0.1648840606212616
0.2800000011920929,0.1648840606212616
0.2800000011920929,0.1648840606212616
0.2800000011920929,0.1648840606212616
0.2800000011920929,0.1648840606212616
0.2800000011920929,0.1648840606212616
0.2800000011920929,0.1648840606212616
0.2800000011920929,0.1648840606212616
0.2800000011920929,0.1648840606212616
0.2800000011920929,0.1648840606212616
0.2800000011920929,0.1648840606212616
0.2800000011920929,0.1648840606212616
0.2800000011920929,0.1648840606212616
0.2800000011920929,0.1648840606212616
0.2800000011920929,0.1648840606212616
0.2800000011920929,0.1648840606212616
0.2800000011920929,0.1648840606212616
0.2800000011920929,0.1648840606212616
0.2800000011920929,0.1648840606212616
0.2800000011920929,0.1648840606212616
0.2800000011920929,0.1648840606212616
0.2800000011920929,0.1648840606212616
0.2800000011920929,0.1648840606212616
0.2800000011920929,0.1648840606212616
0.2800000011920929,0.1648840606212616
0.2800000011920929,0.1648840606212616
0.2800000011920929,0.1648840606212616
0.2800000011920929,0.1648840606212616
0.2800000011920929,0.1648840606212616
0.2800000011920929,0.1648840606212616
0.2800000011920929,0.1648840606212616
0.2800000011920929,0.1648840606212616
0.2800000011920929,0.1648840606212616
0.2800000011920929,0.1648840606212616
0.2800000011920929,0.1648840606212616
0.2800000011920929,0.1648840606212616
0.2800000011920929,0.1648840606212616
0.2800000011920929,0.1648840606212616
0.2800000011920929,0.1648840606212616
0.2800000011920929,0.1648840606212616
0.30000001192092896,0.16658353805541992
0.30000001192092896,0.16658353805541992
0.30000001192092896,0.16658353805541992
0.30000001192092896,0.16658353805541992
0.30000001192092896,0.16658353805541992
0.30000001192092896,0.16658353805541992
0.30000001192092896,0.16658353805541992
0.30000001192092896,0.16658353805541992
0.30000001192092896,0.16658353805541992
0.30000001192092896,0.16658353805541992
0.30000001192092896,0.16658353805541992
0.30000001192092896,0.16658353805541992
0.30000001192092896,0.16658353805541992
0.30000001192092896,0.16658353805541992
0.30000001192092896,0.16658353805541992
0.30000001192092896,0.16658353805541992
0.30000001192092896,0.16658353805541992
0.30000001192092896,0.16658353805541992
0.30000001192092896,0.16658353805541992
0.30000001192092896,0.16658353805541992
0.30000001192092896,0.16658353805541992
0.30000001192092896,0.16658353805541992
0.30000001192092896,0.16658353805541992
0.30000001192092896,0.16658353805541992
0.30000001192092896,0.16658353805541992
0.30000001192092896,0.16658353805541992
0.30000001192092896,0.16658353805541992
0.30000001192092896,0.16658353805541992
0.30000001192092896,0.16658353805541992
0.30000001192092896,0.16658353805541992
0.30000001192092896,0.16658353805541992
0.30000001192092896,0.16658353805541992
0.30000001192092896,0.16658353805541992
0.30000001192092896,0.16658353805541992
0.30000001192092896,0.16658353805541992
0.30000001192092896,0.16658353805541992
0.30000001192092896,0.16658353805541992
0.30000001192092896,0.16658353805541992
0.30000001192092896,0.16658353805541992
0.30000001192092896,0.16658353805541992
0.30000001192092896,0.16658353805541992
0.30000001192092896,0.16658353805541992
0.30000001192092896,0.16658353805541992
0.30000001192092896,0.16658353805541992
0.30000001192092896,0.16658353805541992
0.30000001192092896,0.16658353805541992
0.30000001192092896,0.16658353805541992
0.30000001192092896,0.16658353805541992
0.30000001192092896,0.16658353805541992
0.30000001192092896,0.16658353805541992
0.30000001192092896,0.16658353805541992
0.30000001192092896,0.16658353805541992
0.30000001192092896,0.16658353805541992
0.30000001192092896,0.16658353805541992
0.30000001192092896,0.16658353805541992
0.30000001192092896,0.16658353805541992
0.30000001192092896,0.16658353805541992
0.30000001192092896,0.16658353805541992
0.30000001192092896,0.16658353805541992
0.30000001192092896,0.16658353805541992
0.30000001192092896,0.16658353805541992
0.30000001192092896,0.16658353805541992
0.30000001192092896,0.16658353805541992
0.30000001192092896,0.16658353805541992
0.30000001192092896,0.16658353805541992
0.30000001192092896,0.16658353805541992
0.30000001192092896,0.16658353805541992
0.30000001192092896,0.16658353805541992
0.30000001192092896,0.16658353805541992
0.30000001192092896,0.16658353805541992
0.30000001192092896,0.16658353805541992
0.30000001192092896,0.16658353805541992
0.30000001192092896,0.16658353805541992
0.30000001192092896,0.16658353805541992
0.30000001192092896,0.16658353805541992
0.30000001192092896,0.16658353805541992
0.30000001192092896,0.16658353805541992
0.30000001192092896,0.16658353805541992
0.30000001192092896,0.16658353805541992
0.30000001192092896,0.16658353805541992
0.30000001192092896,0.16658353805541992
0.30000001192092896,0.16658353805541992
0.30000001192092896,0.16658353805541992
0.30000001192092896,0.16658353805541992
0.30000001192092896,0.16658353805541992
0.30000001192092896,0.16658353805541992
0.30000001192092896,0.16658353805541992
0.30000001192092896,0.16658353805541992
0.30000001192092896,0.16658353805541992
0.30000001192092896,0.16658353805541992
0.30000001192092896,0.16658353805541992
0.30000001192092896,0.16658353805541992
0.30000001192092896,0.16658353805541992
0.30000001192092896,0.16658353805541992
0.30000001192092896,0.16658353805541992
0.30000001192092896,0.16658353805541992
0.30000001192092896,0.16658353805541992
0.30000001192092896,0.16658353805541992
0.30000001192092896,0.16658353805541992
0.30000001192092896,0.16658353805541992
0.30000001192092896,0.16658353805541992
0.3199999928474426,0.16828307509422302
0.3199999928474426,0.16828307509422302
0.3199999928474426,0.16828307509422302
0.3199999928474426,0.16828307509422302
0.3199999928474426,0.16828307509422302
0.3199999928474426,0.16828307509422302
0.3199999928474426,0.16828307509422302
0.3199999928474426,0.16828307509422302
0.3199999928474426,0.16828307509422302
0.3199999928474426,0.16828307509422302
0.3199999928474426,0.16828307509422302
0.3199999928474426,0.16828307509422302
0.3199999928474426,0.16828307509422302
0.3199999928474426,0.16828307509422302
0.3199999928474426,0.16828307509422302
0.3199999928474426,0.16828307509422302
0.3199999928474426,0.16828307509422302
0.3199999928474426,0.16828307509422302
0.3199999928474426,0.16828307509422302
0.3199999928474426,0.16828307509422302
0.3199999928474426,0.16828307509422302
0.3199999928474426,0.16828307509422302
0.3199999928474426,0.16828307509422302
0.3199999928474426,0.16828307509422302
0.3199999928474426,0.16828307509422302
0.3199999928474426,0.16828307509422302
0.3199999928474426,0.16828307509422302
0.3199999928474426,0.16828307509422302
0.3199999928474426,0.16828307509422302
0.3199999928474426,0.16828307509422302
0.3199999928474426,0.16828307509422302
0.3199999928474426,0.16828307509422302
0.3199999928474426,0.16828307509422302
0.3199999928474426,0.16828307509422302
0.3199999928474426,0.16828307509422302
0.3199999928474426,0.16828307509422302
0.3199999928474426,0.16828307509422302
0.3199999928474426,0.16828307509422302
0.3199999928474426,0.16828307509422302
0.3199999928474426,0.16828307509422302
0.3199999928474426,0.16828307509422302
0.3199999928474426,0.16828307509422302
0.3199999928474426,0.16828307509422302
0.3199999928474426,0.16828307509422302
0.3199999928474426,0.16828307509422302
0.3199999928474426,0.16828307509422302
0.3199999928474426,0.16828307509422302
0.3199999928474426,0.16828307509422302
0.3199999928474426,0.16828307509422302
0.3199999928474426,0.16828307509422302
0.3199999928474426,0.16828307509422302
0.3199999928474426,0.16828307509422302
0.3199999928474426,0.16828307509422302
0.3199999928474426,0.16828307509422302
0.3199999928474426,0.16828307509422302
0.3199999928474426,0.16828307509422302
0.3199999928474426,0.16828307509422302
0.3199999928474426,0.16828307509422302
0.3199999928474426,0.16828307509422302
0.3199999928474426,0.16828307509422302
0.3199999928474426,0.16828307509422302
0.3199999928474426,0.16828307509422302
0.3199999928474426,0.16828307509422302
0.3199999928474426,0.16828307509422302
0.3199999928474426,0.16828307509422302
0.3199999928474426,0.16828307509422302
0.3199999928474426,0.16828307509422302
0.3199999928474426,0.16828307509422302
0.3199999928474426,0.16828307509422302
0.3199999928474426,0.16828307509422302
0.3199999928474426,0.16828307509422302
0.3199999928474426,0.16828307509422302
0.3199999928474426,0.16828307509422302
0.3199999928474426,0.16828307509422302
0.3199999928474426,0.16828307509422302
0.3199999928474426,0.16828307509422302
0.3199999928474426,0.16828307509422302
0.3199999928474426,0.16828307509422302
0.3199999928474426,0.16828307509422302
0.3199999928474426,0.16828307509422302
0.3199999928474426,0.16828307509422302
0.3199999928474426,0.16828307509422302
0.3199999928474426,0.16828307509422302
0.3199999928474426,0.16828307509422302
0.3199999928474426,0.16828307509422302
0.3199999928474426,0.16828307509422302
0.3199999928474426,0.16828307509422302
0.3199999928474426,0.16828307509422302
0.3199999928474426,0.16828307509422302
0.3199999928474426,0.16828307509422302
0.3199999928474426,0.16828307509422302
0.3199999928474426,0.16828307509422302
0.3199999928474426,0.16828307509422302
0.3199999928474426,0.16828307509422302
0.3199999928474426,0.16828307509422302
0.3199999928474426,0.16828307509422302
0.3199999928474426,0.16828307509422302
0.3199999928474426,0.16828307509422302
0.3199999928474426,0.16828307509422302
0.3199999928474426,0.16828307509422302
0.3199999928474426,0.16828307509422302
0.3400000035762787,0.16998213529586792
0.3400000035762787,0.16998213529586792
0.3400000035762787,0.16998213529586792
0.3400000035762787,0.16998213529586792
0.3400000035762787,0.16998213529586792
0.3400000035762787,0.16998213529586792
0.3400000035762787,0.16998213529586792
0.3400000035762787,0.16998213529586792
0.3400000035762787,0.16998213529586792
0.3400000035762787,0.16998213529586792
0.3400000035762787,0.16998213529586792
0.3400000035762787,0.16998213529586792
0.3400000035762787,0.16998213529586792
0.3400000035762787,0.16998213529586792
0.3400000035762787,0.16998213529586792
0.3400000035762787,0.16998213529586792
0.3400000035762787,0.16998213529586792
0.3400000035762787,0.16998213529586792
0.3400000035762787,0.16998213529586792
0.3400000035762787,0.16998213529586792
0.3400000035762787,0.16998213529586792
0.3400000035762787,0.16998213529586792
0.3400000035762787,0.16998213529586792
0.3400000035762787,0.16998213529586792
0.3400000035762787,0.16998213529586792
0.3400000035762787,0.16998213529586792
0.3400000035762787,0.16998213529586792
0.3400000035762787,0.16998213529586792
0.3400000035762787,0.16998213529586792
0.3400000035762787,0.16998213529586792
0.3400000035762787,0.16998213529586792
0.3400000035762787,0.16998213529586792
0.3400000035762787,0.16998213529586792
0.3400000035762787,0.16998213529586792
0.3400000035762787,0.16998213529586792
0.3400000035762787,0.16998213529586792
0.3400000035762787,0.16998213529586792
0.3400000035762787,0.16998213529586792
0.3400000035762787,0.16998213529586792
0.3400000035762787,0.16998213529586792
0.3400000035762787,0.16998213529586792
0.3400000035762787,0.16998213529586792
0.3400000035762787,0.16998213529586792
0.3400000035762787,0.16998213529586792
0.3400000035762787,0.16998213529586792
0.3400000035762787,0.16998213529586792
0.3400000035762787,0.16998213529586792
0.3400000035762787,0.16998213529586792
0.3400000035762787,0.16998213529586792
0.3400000035762787,0.16998213529586792
0.3400000035762787,0.16998213529586792
0.3400000035762787,0.16998213529586792
0.3400000035762787,0.16998213529586792
0.3400000035762787,0.16998213529586792
0.3400000035762787,0.16998213529586792
0.3400000035762787,0.16998213529586792
0.3400000035762787,0.16998213529586792
0.3400000035762787,0.16998213529586792
0.3400000035762787,0.16998213529586792
0.3400000035762787,0.16998213529586792
0.3400000035762787,0.16998213529586792
0.3400000035762787,0.16998213529586792
0.3400000035762787,0.16998213529586792
0.3400000035762787,0.16998213529586792
0.3400000035762787,0.16998213529586792
0.3400000035762787,0.16998213529586792
0.3400000035762787,0.16998213529586792
0.3400000035762787,0.16998213529586792
0.3400000035762787,0.16998213529586792
0.3400000035762787,0.16998213529586792
0.3400000035762787,0.16998213529586792
0.3400000035762787,0.16998213529586792
0.3400000035762787,0.16998213529586792
0.3400000035762787,0.16998213529586792
0.3400000035762787,0.16998213529586792
0.3400000035762787,0.16998213529586792
0.3400000035762787,0.16998213529586792
0.3400000035762787,0.16998213529586792
0.3400000035762787,0.16998213529586792
0.3400000035762787,0.16998213529586792
0.3400000035762787,0.16998213529586792
0.3400000035762787,0.16998213529586792
0.3400000035762787,0.16998213529586792
0.3400000035762787,0.16998213529586792
0.3400000035762787,0.16998213529586792
0.3400000035762787,0.16998213529586792
0.3400000035762787,0.16998213529586792
0.3400000035762787,0.16998213529586792
0.3400000035762787,0.16998213529586792
0.3400000035762787,0.16998213529586792
0.3400000035762787,0.16998213529586792
0.3400000035762787,0.16998213529586792
0.3400000035762787,0.16998213529586792
0.3400000035762787,0.16998213529586792
0.3400000035762787,0.16998213529586792
0.3400000035762787,0.16998213529586792
0.3400000035762787,0.16998213529586792
0.3400000035762787,0.16998213529586792
0.3400000035762787,0.16998213529586792
0.3400000035762787,0.16998213529586792
0.3400000035762787,0.16998213529586792
0.36000001430511475,0.17168018221855164
0.36000001430511475,0.17168018221855164
0.36000001430511475,0.17168018221855164
0.36000001430511475,0.17168018221855164
0.36000001430511475,0.17168018221855164
0.36000001430511475,0.17168018221855164
0.36000001430511475,0.17168018221855164
0.36000001430511475,0.17168018221855164
0.36000001430511475,0.17168018221855164
0.36000001430511475,0.17168018221855164
0.36000001430511475,0.17168018221855164
0.36000001430511475,0.17168018221855164
0.36000001430511475,0.17168018221855164
0.36000001430511475,0.17168018221855164
0.36000001430511475,0.17168018221855164
0.36000001430511475,0.17168018221855164
0.36000001430511475,0.17168018221855164
0.36000001430511475,0.17168018221855164
0.36000001430511475,0.17168018221855164
0.36000001430511475,0.17168018221855164
0.36000001430511475,0.17168018221855164
0.36000001430511475,0.17168018221855164
0.36000001430511475,0.17168018221855164
0.36000001430511475,0.17168018221855164
0.36000001430511475,0.17168018221855164
0.36000001430511475,0.17168018221855164
0.36000001430511475,0.17168018221855164
0.36000001430511475,0.17168018221855164
0.36000001430511475,0.17168018221855164
0.36000001430511475,0.17168018221855164
0.36000001430511475,0.17168018221855164
0.36000001430511475,0.17168018221855164
0.36000001430511475,0.17168018221855164
0.36000001430511475,0.17168018221855164
0.36000001430511475,0.17168018221855164
0.36000001430511475,0.17168018221855164
0.36000001430511475,0.17168018221855164
0.36000001430511475,0.17168018221855164
0.36000001430511475,0.17168018221855164
0.36000001430511475,0.17168018221855164
0.36000001430511475,0.17168018221855164
0.36000001430511475,0.17168018221855164
0.36000001430511475,0.17168018221855164
0.36000001430511475,0.17168018221855164
0.36000001430511475,0.17168018221855164
0.36000001430511475,0.17168018221855164
0.36000001430511475,0.17168018221855164
0.36000001430511475,0.17168018221855164
0.36000001430511475,0.17168018221855164
0.36000001430511475,0.17168018221855164
0.36000001430511475,0.17168018221855164
0.36000001430511475,0.17168018221855164
0.36000001430511475,0.17168018221855164
0.36000001430511475,0.17168018221855164
0.36000001430511475,0.17168018221855164
0.36000001430511475,0.17168018221855164
0.36000001430511475,0.17168018221855164
0.36000001430511475,0.17168018221855164
0.36000001430511475,0.17168018221855164
0.36000001430511475,0.17168018221855164
0.36000001430511475,0.17168018221855164
0.36000001430511475,0.17168018221855164
0.36000001430511475,0.17168018221855164
0.36000001430511475,0.17168018221855164
0.36000001430511475,0.17168018221855164
0.36000001430511475,0.17168018221855164
0.36000001430511475,0.17168018221855164
0.36000001430511475,0.17168018221855164
0.36000001430511475,0.17168018221855164
0.36000001430511475,0.17168018221855164
0.36000001430511475,0.17168018221855164
0.36000001430511475,0.17168018221855164
0.36000001430511475,0.17168018221855164
0.36000001430511475,0.17168018221855164
0.36000001430511475,0.17168018221855164
0.36000001430511475,0.17168018221855164
0.36000001430511475,0.17168018221855164
0.36000001430511475,0.17168018221855164
0.36000001430511475,0.17168018221855164
0.36000001430511475,0.17168018221855164
0.36000001430511475,0.17168018221855164
0.36000001430511475,0.17168018221855164
0.36000001430511475,0.17168018221855164
0.36000001430511475,0.17168018221855164
0.36000001430511475,0.17168018221855164
0.36000001430511475,0.17168018221855164
0.36000001430511475,0.17168018221855164
0.36000001430511475,0.17168018221855164
0.36000001430511475,0.17168018221855164
0.36000001430511475,0.17168018221855164
0.36000001430511475,0.17168018221855164
0.36000001430511475,0.17168018221855164
0.36000001430511475,0.17168018221855164
0.36000001430511475,0.17168018221855164
0.36000001430511475,0.17168018221855164
0.36000001430511475,0.17168018221855164
0.36000001430511475,0.17168018221855164
0.36000001430511475,0.17168018221855164
0.36000001430511475,0.17168018221855164
0.36000001430511475,0.17168018221855164
0.36000001430511475,0.17168018221855164
0.3799999952316284,0.17337666451931
0.3799999952316284,0.17337666451931
0.3799999952316284,0.17337666451931
0.3799999952316284,0.17337666451931
0.3799999952316284,0.17337666451931
0.3799999952316284,0.17337666451931
0.3799999952316284,0.17337666451931
0.3799999952316284,0.17337666451931
0.3799999952316284,0.17337666451931
0.3799999952316284,0.17337666451931
0.3799999952316284,0.17337666451931
0.3799999952316284,0.17337666451931
0.3799999952316284,0.17337666451931
0.3799999952316284,0.17337666451931
0.3799999952316284,0.17337666451931
0.3799999952316284,0.17337666451931
0.3799999952316284,0.17337666451931
0.3799999952316284,0.17337666451931
0.3799999952316284,0.17337666451931
0.3799999952316284,0.17337666451931
0.3799999952316284,0.17337666451931
0.3799999952316284,0.17337666451931
0.3799999952316284,0.17337666451931
0.3799999952316284,0.17337666451931
0.3799999952316284,0.17337666451931
0.3799999952316284,0.17337666451931
0.3799999952316284,0.17337666451931
0.3799999952316284,0.17337666451931
0.3799999952316284,0.17337666451931
0.3799999952316284,0.17337666451931
0.3799999952316284,0.17337666451931
0.3799999952316284,0.17337666451931
0.3799999952316284,0.17337666451931
0.3799999952316284,0.17337666451931
0.3799999952316284,0.17337666451931
0.3799999952316284,0.17337666451931
0.3799999952316284,0.17337666451931
0.3799999952316284,0.17337666451931
0.3799999952316284,0.17337666451931
0.3799999952316284,0.17337666451931
0.3799999952316284,0.17337666451931
0.3799999952316284,0.17337666451931
0.3799999952316284,0.17337666451931
0.3799999952316284,0.17337666451931
0.3799999952316284,0.17337666451931
0.3799999952316284,0.17337666451931
0.3799999952316284,0.17337666451931
0.3799999952316284,0.17337666451931
0.3799999952316284,0.17337666451931
0.3799999952316284,0.17337666451931
0.3799999952316284,0.17337666451931
0.3799999952316284,0.17337666451931
0.3799999952316284,0.17337666451931
0.3799999952316284,0.17337666451931
0.3799999952316284,0.17337666451931
0.3799999952316284,0.17337666451931
0.3799999952316284,0.17337666451931
0.3799999952316284,0.17337666451931
0.3799999952316284,0.17337666451931
0.3799999952316284,0.17337666451931
0.3799999952316284,0.17337666451931
0.3799999952316284,0.17337666451931
0.3799999952316284,0.17337666451931
0.3799999952316284,0.17337666451931
0.3799999952316284,0.17337666451931
0.3799999952316284,0.17337666451931
0.3799999952316284,0.17337666451931
0.3799999952316284,0.17337666451931
0.3799999952316284,0.17337666451931
0.3799999952316284,0.17337666451931
0.3799999952316284,0.17337666451931
0.3799999952316284,0.17337666451931
0.3799999952316284,0.17337666451931
0.3799999952316284,0.17337666451931
0.3799999952316284,0.17337666451931
0.3799999952316284,0.17337666451931
0.3799999952316284,0.17337666451931
0.3799999952316284,0.17337666451931
0.3799999952316284,0.17337666451931
0.3799999952316284,0.17337666451931
0.3799999952316284,0.17337666451931
0.3799999952316284,0.17337666451931
0.3799999952316284,0.17337666451931
0.3799999952316284,0.17337666451931
0.3799999952316284,0.17337666451931
0.3799999952316284,0.17337666451931
0.3799999952316284,0.17337666451931
0.3799999952316284,0.17337666451931
0.3799999952316284,0.17337666451931
0.3799999952316284,0.17337666451931
0.3799999952316284,0.17337666451931
0.3799999952316284,0.17337666451931
0.3799999952316284,0.17337666451931
0.3799999952316284,0.17337666451931
0.3799999952316284,0.17337666451931
0.3799999952316284,0.17337666451931
0.3799999952316284,0.17337666451931
0.3799999952316284,0.17337666451931
0.3799999952316284,0.17337666451931
0.3799999952316284,0.17337666451931
0.3799999952316284,0.17337666451931
0.4000000059604645,0.17507103085517883
0.4000000059604645,0.17507103085517883
0.4000000059604645,0.17507103085517883
0.4000000059604645,0.17507103085517883
0.4000000059604645,0.17507103085517883
0.4000000059604645,0.17507103085517883
0.4000000059604645,0.17507103085517883
0.4000000059604645,0.17507103085517883
0.4000000059604645,0.17507103085517883
0.4000000059604645,0.17507103085517883
0.4000000059604645,0.17507103085517883
0.4000000059604645,0.17507103085517883
0.4000000059604645,0.17507103085517883
0.4000000059604645,0.17507103085517883
0.4000000059604645,0.17507103085517883
0.4000000059604645,0.17507103085517883
0.4000000059604645,0.17507103085517883
0.4000000059604645,0.17507103085517883
0.4000000059604645,0.17507103085517883
0.4000000059604645,0.17507103085517883
0.4000000059604645,0.17507103085517883
0.4000000059604645,0.17507103085517883
0.4000000059604645,0.17507103085517883
0.4000000059604645,0.17507103085517883
0.4000000059604645,0.17507103085517883
0.4000000059604645,0.17507103085517883
0.4000000059604645,0.17507103085517883
0.4000000059604645,0.17507103085517883
0.4000000059604645,0.17507103085517883
0.4000000059604645,0.17507103085517883
0.4000000059604645,0.17507103085517883
0.4000000059604645,0.17507103085517883
0.4000000059604645,0.17507103085517883
0.4000000059604645,0.17507103085517883
0.4000000059604645,0.17507103085517883
0.4000000059604645,0.17507103085517883
0.4000000059604645,0.17507103085517883
0.4000000059604645,0.17507103085517883
0.4000000059604645,0.17507103085517883
0.4000000059604645,0.17507103085517883
0.4000000059604645,0.17507103085517883
0.4000000059604645,0.17507103085517883
0.4000000059604645,0.17507103085517883
0.4000000059604645,0.17507103085517883
0.4000000059604645,0.17507103085517883
0.4000000059604645,0.17507103085517883
0.4000000059604645,0.17507103085517883
0.4000000059604645,0.17507103085517883
0.4000000059604645,0.17507103085517883
0.4000000059604645,0.17507103085517883
0.4000000059604645,0.17507103085517883
0.4000000059604645,0.17507103085517883
0.4000000059604645,0.17507103085517883
0.4000000059604645,0.17507103085517883
0.4000000059604645,0.17507103085517883
0.4000000059604645,0.17507103085517883
0.4000000059604645,0.17507103085517883
0.4000000059604645,0.17507103085517883
0.4000000059604645,0.17507103085517883
0.4000000059604645,0.17507103085517883
0.4000000059604645,0.17507103085517883
0.4000000059604645,0.17507103085517883
0.4000000059604645,0.17507103085517883
0.4000000059604645,0.17507103085517883
0.4000000059604645,0.17507103085517883
0.4000000059604645,0.17507103085517883
0.4000000059604645,0.17507103085517883
0.4000000059604645,0.17507103085517883
0.4000000059604645,0.17507103085517883
0.4000000059604645,0.17507103085517883
0.4000000059604645,0.17507103085517883
0.4000000059604645,0.17507103085517883
0.4000000059604645,0.17507103085517883
0.4000000059604645,0.17507103085517883
0.4000000059604645,0.17507103085517883
0.4000000059604645,0.17507103085517883
0.4000000059604645,0.17507103085517883
0.4000000059604645,0.17507103085517883
0.4000000059604645,0.17507103085517883
0.4000000059604645,0.17507103085517883
0.4000000059604645,0.17507103085517883
0.4000000059604645,0.17507103085517883
0.4000000059604645,0.17507103085517883
0.4000000059604645,0.17507103085517883
0.4000000059604645,0.17507103085517883
0.4000000059604645,0.17507103085517883
0.4000000059604645,0.17507103085517883
0.4000000059604645,0.17507103085517883
0.4000000059604645,0.17507103085517883
0.4000000059604645,0.17507103085517883
0.4000000059604645,0.17507103085517883
0.4000000059604645,0.17507103085517883
0.4000000059604645,0.17507103085517883
0.4000000059604645,0.17507103085517883
0.4000000059604645,0.17507103085517883
0.4000000059604645,0.17507103085517883
0.4000000059604645,0.17507103085517883
0.4000000059604645,0.17507103085517883
0.4000000059604645,0.17507103085517883
0.4000000059604645,0.17507103085517883
0.4000000059604645,0.17507103085517883
0.41999998688697815,0.1767626404762268
0.41999998688697815,0.1767626404762268
0.41999998688697815,0.1767626404762268
0.41999998688697815,0.1767626404762268
0.41999998688697815,0.1767626404762268
0.41999998688697815,0.1767626404762268
0.41999998688697815,0.1767626404762268
0.41999998688697815,0.1767626404762268
0.41999998688697815,0.1767626404762268
0.41999998688697815,0.1767626404762268
0.41999998688697815,0.1767626404762268
0.41999998688697815,0.1767626404762268
0.41999998688697815,0.1767626404762268
0.41999998688697815,0.1767626404762268
0.41999998688697815,0.1767626404762268
0.41999998688697815,0.1767626404762268
0.41999998688697815,0.1767626404762268
0.41999998688697815,0.1767626404762268
0.41999998688697815,0.1767626404762268
0.41999998688697815,0.1767626404762268
0.41999998688697815,0.1767626404762268
0.41999998688697815,0.1767626404762268
0.41999998688697815,0.1767626404762268
0.41999998688697815,0.1767626404762268
0.41999998688697815,0.1767626404762268
0.41999998688697815,0.1767626404762268
0.41999998688697815,0.1767626404762268
0.41999998688697815,0.1767626404762268
0.41999998688697815,0.1767626404762268
0.41999998688697815,0.1767626404762268
0.41999998688697815,0.1767626404762268
0.41999998688697815,0.1767626404762268
0.41999998688697815,0.1767626404762268
0.41999998688697815,0.1767626404762268
0.41999998688697815,0.1767626404762268
0.41999998688697815,0.1767626404762268
0.41999998688697815,0.1767626404762268
0.41999998688697815,0.1767626404762268
0.41999998688697815,0.1767626404762268
0.41999998688697815,0.1767626404762268
0.41999998688697815,0.1767626404762268
0.41999998688697815,0.1767626404762268
0.41999998688697815,0.1767626404762268
0.41999998688697815,0.1767626404762268
0.41999998688697815,0.1767626404762268
0.41999998688697815,0.1767626404762268
0.41999998688697815,0.1767626404762268
0.41999998688697815,0.1767626404762268
0.41999998688697815,0.1767626404762268
0.41999998688697815,0.1767626404762268
0.41999998688697815,0.1767626404762268
0.41999998688697815,0.1767626404762268
0.41999998688697815,0.1767626404762268
0.41999998688697815,0.1767626404762268
0.41999998688697815,0.1767626404762268
0.41999998688697815,0.1767626404762268
0.41999998688697815,0.1767626404762268
0.41999998688697815,0.1767626404762268
0.41999998688697815,0.1767626404762268
0.41999998688697815,0.1767626404762268
0.41999998688697815,0.1767626404762268
0.41999998688697815,0.1767626404762268
0.41999998688697815,0.1767626404762268
0.41999998688697815,0.1767626404762268
0.41999998688697815,0.1767626404762268
0.41999998688697815,0.1767626404762268
0.41999998688697815,0.1767626404762268
0.41999998688697815,0.1767626404762268
0.41999998688697815,0.1767626404762268
0.41999998688697815,0.1767626404762268
0.41999998688697815,0.1767626404762268
0.41999998688697815,0.1767626404762268
0.41999998688697815,0.1767626404762268
0.41999998688697815,0.1767626404762268
0.41999998688697815,0.1767626404762268
0.41999998688697815,0.1767626404762268
0.41999998688697815,0.1767626404762268
0.41999998688697815,0.1767626404762268
0.41999998688697815,0.1767626404762268
0.41999998688697815,0.1767626404762268
0.41999998688697815,0.1767626404762268
0.41999998688697815,0.1767626404762268
0.41999998688697815,0.1767626404762268
0.41999998688697815,0.1767626404762268
0.41999998688697815,0.1767626404762268
0.41999998688697815,0.1767626404762268
0.41999998688697815,0.1767626404762268
0.41999998688697815,0.1767626404762268
0.41999998688697815,0.1767626404762268
0.41999998688697815,0.1767626404762268
0.41999998688697815,0.1767626404762268
0.41999998688697815,0.1767626404762268
0.41999998688697815,0.1767626404762268
0.41999998688697815,0.1767626404762268
0.41999998688697815,0.1767626404762268
0.41999998688697815,0.1767626404762268
0.41999998688697815,0.1767626404762268
0.41999998688697815,0.1767626404762268
0.41999998688697815,0.1767626404762268
0.41999998688697815,0.1767626404762268
0.41999998688697815,0.1767626404762268
0.4399999976158142,0.17845089733600616
0.4399999976158142,0.17845089733600616
0.4399999976158142,0.17845089733600616
0.4399999976158142,0.17845089733600616
0.4399999976158142,0.17845089733600616
0.4399999976158142,0.17845089733600616
0.4399999976158142,0.17845089733600616
0.4399999976158142,0.17845089733600616
0.4399999976158142,0.17845089733600616
0.4399999976158142,0.17845089733600616
0.4399999976158142,0.17845089733600616
0.4399999976158142,0.17845089733600616
0.4399999976158142,0.17845089733600616
0.4399999976158142,0.17845089733600616
0.4399999976158142,0.17845089733600616
0.4399999976158142,0.17845089733600616
0.4399999976158142,0.17845089733600616
0.4399999976158142,0.17845089733600616
0.4399999976158142,0.17845089733600616
0.4399999976158142,0.17845089733600616
0.4399999976158142,0.17845089733600616
0.4399999976158142,0.17845089733600616
0.4399999976158142,0.17845089733600616
0.4399999976158142,0.17845089733600616
0.4399999976158142,0.17845089733600616
0.4399999976158142,0.17845089733600616
0.4399999976158142,0.17845089733600616
0.4399999976158142,0.17845089733600616
0.4399999976158142,0.17845089733600616
0.4399999976158142,0.17845089733600616
0.4399999976158142,0.17845089733600616
0.4399999976158142,0.17845089733600616
0.4399999976158142,0.17845089733600616
0.4399999976158142,0.17845089733600616
0.4399999976158142,0.17845089733600616
0.4399999976158142,0.17845089733600616
0.4399999976158142,0.17845089733600616
0.4399999976158142,0.17845089733600616
0.4399999976158142,0.17845089733600616
0.4399999976158142,0.17845089733600616
0.4399999976158142,0.17845089733600616
0.4399999976158142,0.17845089733600616
0.4399999976158142,0.17845089733600616
0.4399999976158142,0.17845089733600616
0.4399999976158142,0.17845089733600616
0.4399999976158142,0.17845089733600616
0.4399999976158142,0.17845089733600616
0.4399999976158142,0.17845089733600616
0.4399999976158142,0.17845089733600616
0.4399999976158142,0.17845089733600616
0.4399999976158142,0.17845089733600616
0.4399999976158142,0.17845089733600616
0.4399999976158142,0.17845089733600616
0.4399999976158142,0.17845089733600616
0.4399999976158142,0.17845089733600616
0.4399999976158142,0.17845089733600616
0.4399999976158142,0.17845089733600616
0.4399999976158142,0.17845089733600616
0.4399999976158142,0.17845089733600616
0.4399999976158142,0.17845089733600616
0.4399999976158142,0.17845089733600616
0.4399999976158142,0.17845089733600616
0.4399999976158142,0.17845089733600616
0.4399999976158142,0.17845089733600616
0.4399999976158142,0.17845089733600616
0.4399999976158142,0.17845089733600616
0.4399999976158142,0.17845089733600616
0.4399999976158142,0.17845089733600616
0.4399999976158142,0.17845089733600616
0.4399999976158142,0.17845089733600616
0.4399999976158142,0.17845089733600616
0.4399999976158142,0.17845089733600616
0.4399999976158142,0.17845089733600616
0.4399999976158142,0.17845089733600616
0.4399999976158142,0.17845089733600616
0.4399999976158142,0.17845089733600616
0.4399999976158142,0.17845089733600616
0.4399999976158142,0.17845089733600616
0.4399999976158142,0.17845089733600616
0.4399999976158142,0.17845089733600616
0.4399999976158142,0.17845089733600616
0.4399999976158142,0.17845089733600616
0.4399999976158142,0.17845089733600616
0.4399999976158142,0.17845089733600616
0.4399999976158142,0.17845089733600616
0.4399999976158142,0.17845089733600616
0.4399999976158142,0.17845089733600616
0.4399999976158142,0.17845089733600616
0.4399999976158142,0.17845089733600616
0.4399999976158142,0.17845089733600616
0.4399999976158142,0.17845089733600616
0.4399999976158142,0.17845089733600616
0.4399999976158142,0.17845089733600616
0.4399999976158142,0.17845089733600616
0.4399999976158142,0.17845089733600616
0.4399999976158142,0.17845089733600616
0.4399999976158142,0.17845089733600616
0.4399999976158142,0.17845089733600616
0.4399999976158142,0.17845089733600616
0.4399999976158142,0.17845089733600616
0.4399999976158142,0.17845089733600616
0.46000000834465027,0.18013525009155273
0.46000000834465027,0.18013525009155273
0.46000000834465027,0.18013525009155273
0.46000000834465027,0.18013525009155273
0.46000000834465027,0.18013525009155273
0.46000000834465027,0.18013525009155273
0.46000000834465027,0.18013525009155273
0.46000000834465027,0.18013525009155273
0.46000000834465027,0.18013525009155273
0.46000000834465027,0.18013525009155273
0.46000000834465027,0.18013525009155273
0.46000000834465027,0.18013525009155273
0.46000000834465027,0.18013525009155273
0.46000000834465027,0.18013525009155273
0.46000000834465027,0.18013525009155273
0.46000000834465027,0.18013525009155273
0.46000000834465027,0.18013525009155273
0.46000000834465027,0.18013525009155273
0.46000000834465027,0.18013525009155273
0.46000000834465027,0.18013525009155273
0.46000000834465027,0.18013525009155273
0.46000000834465027,0.18013525009155273
0.46000000834465027,0.18013525009155273
0.46000000834465027,0.18013525009155273
0.46000000834465027,0.18013525009155273
0.46000000834465027,0.18013525009155273
0.46000000834465027,0.18013525009155273
0.46000000834465027,0.18013525009155273
0.46000000834465027,0.18013525009155273
0.46000000834465027,0.18013525009155273
0.46000000834465027,0.18013525009155273
0.46000000834465027,0.18013525009155273
0.46000000834465027,0.18013525009155273
0.46000000834465027,0.18013525009155273
0.46000000834465027,0.18013525009155273
0.46000000834465027,0.18013525009155273
0.46000000834465027,0.18013525009155273
0.46000000834465027,0.18013525009155273
0.46000000834465027,0.18013525009155273
0.46000000834465027,0.18013525009155273
0.46000000834465027,0.18013525009155273
0.46000000834465027,0.18013525009155273
0.46000000834465027,0.18013525009155273
0.46000000834465027,0.18013525009155273
0.46000000834465027,0.18013525009155273
0.46000000834465027,0.18013525009155273
0.46000000834465027,0.18013525009155273
0.46000000834465027,0.18013525009155273
0.46000000834465027,0.18013525009155273
0.46000000834465027,0.18013525009155273
0.46000000834465027,0.18013525009155273
0.46000000834465027,0.18013525009155273
0.46000000834465027,0.18013525009155273
0.46000000834465027,0.18013525009155273
0.46000000834465027,0.18013525009155273
0.46000000834465027,0.18013525009155273
0.46000000834465027,0.18013525009155273
0.46000000834465027,0.18013525009155273
0.46000000834465027,0.18013525009155273
0.46000000834465027,0.18013525009155273
0.46000000834465027,0.18013525009155273
0.46000000834465027,0.18013525009155273
0.46000000834465027,0.18013525009155273
0.46000000834465027,0.18013525009155273
0.46000000834465027,0.18013525009155273
0.46000000834465027,0.18013525009155273
0.46000000834465027,0.18013525009155273
0.46000000834465027,0.18013525009155273
0.46000000834465027,0.18013525009155273
0.46000000834465027,0.18013525009155273
0.46000000834465027,0.18013525009155273
0.46000000834465027,0.18013525009155273
0.46000000834465027,0.18013525009155273
0.46000000834465027,0.18013525009155273
0.46000000834465027,0.18013525009155273
0.46000000834465027,0.18013525009155273
0.46000000834465027,0.18013525009155273
0.46000000834465027,0.18013525009155273
0.46000000834465027,0.18013525009155273
0.46000000834465027,0.18013525009155273
0.46000000834465027,0.18013525009155273
0.46000000834465027,0.18013525009155273
0.46000000834465027,0.18013525009155273
0.46000000834465027,0.18013525009155273
0.46000000834465027,0.18013525009155273
0.46000000834465027,0.18013525009155273
0.46000000834465027,0.18013525009155273
0.46000000834465027,0.18013525009155273
0.46000000834465027,0.18013525009155273
0.46000000834465027,0.18013525009155273
0.46000000834465027,0.18013525009155273
0.46000000834465027,0.18013525009155273
0.46000000834465027,0.18013525009155273
0.46000000834465027,0.18013525009155273
0.46000000834465027,0.18013525009155273
0.46000000834465027,0.18013525009155273
0.46000000834465027,0.18013525009155273
0.46000000834465027,0.18013525009155273
0.46000000834465027,0.18013525009155273
0.46000000834465027,0.18013525009155273
0.46000000834465027,0.18013525009155273
0.47999998927116394,0.18181507289409637
0.47999998927116394,0.18181507289409637
0.47999998927116394,0.18181507289409637
0.47999998927116394,0.18181507289409637
0.47999998927116394,0.18181507289409637
0.47999998927116394,0.18181507289409637
0.47999998927116394,0.18181507289409637
0.47999998927116394,0.18181507289409637
0.47999998927116394,0.18181507289409637
0.47999998927116394,0.18181507289409637
0.47999998927116394,0.18181507289409637
0.47999998927116394,0.18181507289409637
0.47999998927116394,0.18181507289409637
0.47999998927116394,0.18181507289409637
0.47999998927116394,0.18181507289409637
0.47999998927116394,0.18181507289409637
0.47999998927116394,0.18181507289409637
0.47999998927116394,0.18181507289409637
0.47999998927116394,0.18181507289409637
0.47999998927116394,0.18181507289409637
0.47999998927116394,0.18181507289409637
0.47999998927116394,0.18181507289409637
0.47999998927116394,0.18181507289409637
0.47999998927116394,0.18181507289409637
0.47999998927116394,0.18181507289409637
0.47999998927116394,0.18181507289409637
0.47999998927116394,0.18181507289409637
0.47999998927116394,0.18181507289409637
0.47999998927116394,0.18181507289409637
0.47999998927116394,0.18181507289409637
0.47999998927116394,0.18181507289409637
0.47999998927116394,0.18181507289409637
0.47999998927116394,0.18181507289409637
0.47999998927116394,0.18181507289409637
0.47999998927116394,0.18181507289409637
0.47999998927116394,0.18181507289409637
0.47999998927116394,0.18181507289409637
0.47999998927116394,0.18181507289409637
0.47999998927116394,0.18181507289409637
0.47999998927116394,0.18181507289409637
0.47999998927116394,0.18181507289409637
0.47999998927116394,0.18181507289409637
0.47999998927116394,0.18181507289409637
0.47999998927116394,0.18181507289409637
0.47999998927116394,0.18181507289409637
0.47999998927116394,0.18181507289409637
0.47999998927116394,0.18181507289409637
0.47999998927116394,0.18181507289409637
0.47999998927116394,0.18181507289409637
0.47999998927116394,0.18181507289409637
0.47999998927116394,0.18181507289409637
0.47999998927116394,0.18181507289409637
0.47999998927116394,0.18181507289409637
0.47999998927116394,0.18181507289409637
0.47999998927116394,0.18181507289409637
0.47999998927116394,0.18181507289409637
0.47999998927116394,0.18181507289409637
0.47999998927116394,0.18181507289409637
0.47999998927116394,0.18181507289409637
0.47999998927116394,0.18181507289409637
0.47999998927116394,0.18181507289409637
0.47999998927116394,0.18181507289409637
0.47999998927116394,0.18181507289409637
0.47999998927116394,0.18181507289409637
0.47999998927116394,0.18181507289409637
0.47999998927116394,0.18181507289409637
0.47999998927116394,0.18181507289409637
0.47999998927116394,0.18181507289409637
0.47999998927116394,0.18181507289409637
0.47999998927116394,0.18181507289409637
0.47999998927116394,0.18181507289409637
0.47999998927116394,0.18181507289409637
0.47999998927116394,0.18181507289409637
0.47999998927116394,0.18181507289409637
0.47999998927116394,0.18181507289409637
0.47999998927116394,0.18181507289409637
0.47999998927116394,0.18181507289409637
0.47999998927116394,0.18181507289409637
0.47999998927116394,0.18181507289409637
0.47999998927116394,0.18181507289409637
0.47999998927116394,0.18181507289409637
0.47999998927116394,0.18181507289409637
0.47999998927116394,0.18181507289409637
0.47999998927116394,0.18181507289409637
0.47999998927116394,0.18181507289409637
0.47999998927116394,0.18181507289409637
0.47999998927116394,0.18181507289409637
0.47999998927116394,0.18181507289409637
0.47999998927116394,0.18181507289409637
0.47999998927116394,0.18181507289409637
0.47999998927116394,0.18181507289409637
0.47999998927116394,0.18181507289409637
0.47999998927116394,0.18181507289409637
0.47999998927116394,0.18181507289409637
0.47999998927116394,0.18181507289409637
0.47999998927116394,0.18181507289409637
0.47999998927116394,0.18181507289409637
0.47999998927116394,0.18181507289409637
0.47999998927116394,0.18181507289409637
0.47999998927116394,0.18181507289409637
0.47999998927116394,0.18181507289409637
0.5,0.18348971009254456
0.5,0.18348971009254456
0.5,0.18348971009254456
0.5,0.18348971009254456
0.5,0.18348971009254456
0.5,0.18348971009254456
0.5,0.18348971009254456
0.5,0.18348971009254456
0.5,0.18348971009254456
0.5,0.18348971009254456
0.5,0.18348971009254456
0.5,0.18348971009254456
0.5,0.18348971009254456
0.5,0.18348971009254456
0.5,0.18348971009254456
0.5,0.18348971009254456
0.5,0.18348971009254456
0.5,0.18348971009254456
0.5,0.18348971009254456
0.5,0.18348971009254456
0.5,0.18348971009254456
0.5,0.18348971009254456
0.5,0.18348971009254456
0.5,0.18348971009254456
0.5,0.18348971009254456
0.5,0.18348971009254456
0.5,0.18348971009254456
0.5,0.18348971009254456
0.5,0.18348971009254456
0.5,0.18348971009254456
0.5,0.18348971009254456
0.5,0.18348971009254456
0.5,0.18348971009254456
0.5,0.18348971009254456
0.5,0.18348971009254456
0.5,0.18348971009254456
0.5,0.18348971009254456
0.5,0.18348971009254456
0.5,0.18348971009254456
0.5,0.18348971009254456
0.5,0.18348971009254456
0.5,0.18348971009254456
0.5,0.18348971009254456
0.5,0.18348971009254456
0.5,0.18348971009254456
0.5,0.18348971009254456
0.5,0.18348971009254456
0.5,0.18348971009254456
0.5,0.18348971009254456
0.5,0.18348971009254456
0.5,0.18348971009254456
0.5,0.18348971009254456
0.5,0.18348971009254456
0.5,0.18348971009254456
0.5,0.18348971009254456
0.5,0.18348971009254456
0.5,0.18348971009254456
0.5,0.18348971009254456
0.5,0.18348971009254456
0.5,0.18348971009254456
0.5,0.18348971009254456
0.5,0.18348971009254456
0.5,0.18348971009254456
0.5,0.18348971009254456
0.5,0.18348971009254456
0.5,0.18348971009254456
0.5,0.18348971009254456
0.5,0.18348971009254456
0.5,0.18348971009254456
0.5,0.18348971009254456
0.5,0.18348971009254456
0.5,0.18348971009254456
0.5,0.18348971009254456
0.5,0.18348971009254456
0.5,0.18348971009254456
0.5,0.18348971009254456
0.5,0.18348971009254456
0.5,0.18348971009254456
0.5,0.18348971009254456
0.5,0.18348971009254456
0.5,0.18348971009254456
0.5,0.18348971009254456
0.5,0.18348971009254456
0.5,0.18348971009254456
0.5,0.18348971009254456
0.5,0.18348971009254456
0.5,0.18348971009254456
0.5,0.18348971009254456
0.5,0.18348971009254456
0.5,0.18348971009254456
0.5,0.18348971009254456
0.5,0.18348971009254456
0.5,0.18348971009254456
0.5,0.18348971009254456
0.5,0.18348971009254456
0.5,0.18348971009254456
0.5,0.18348971009254456
0.5,0.18348971009254456
0.5,0.18348971009254456
0.5,0.18348971009254456
0.5,0.18348971009254456
0.5199999809265137,0.18515852093696594
0.5199999809265137,0.18515852093696594
0.5199999809265137,0.18515852093696594
0.5199999809265137,0.18515852093696594
0.5199999809265137,0.18515852093696594
0.5199999809265137,0.18515852093696594
0.5199999809265137,0.18515852093696594
0.5199999809265137,0.18515852093696594
0.5199999809265137,0.18515852093696594
0.5199999809265137,0.18515852093696594
0.5199999809265137,0.18515852093696594
0.5199999809265137,0.18515852093696594
0.5199999809265137,0.18515852093696594
0.5199999809265137,0.18515852093696594
0.5199999809265137,0.18515852093696594
0.5199999809265137,0.18515852093696594
0.5199999809265137,0.18515852093696594
0.5199999809265137,0.18515852093696594
0.5199999809265137,0.18515852093696594
0.5199999809265137,0.18515852093696594
0.5199999809265137,0.18515852093696594
0.5199999809265137,0.18515852093696594
0.5199999809265137,0.18515852093696594
0.5199999809265137,0.18515852093696594
0.5199999809265137,0.18515852093696594
0.5199999809265137,0.18515852093696594
0.5199999809265137,0.18515852093696594
0.5199999809265137,0.18515852093696594
0.5199999809265137,0.18515852093696594
0.5199999809265137,0.18515852093696594
0.5199999809265137,0.18515852093696594
0.5199999809265137,0.18515852093696594
0.5199999809265137,0.18515852093696594
0.5199999809265137,0.18515852093696594
0.5199999809265137,0.18515852093696594
0.5199999809265137,0.18515852093696594
0.5199999809265137,0.18515852093696594
0.5199999809265137,0.18515852093696594
0.5199999809265137,0.18515852093696594
0.5199999809265137,0.18515852093696594
0.5199999809265137,0.18515852093696594
0.5199999809265137,0.18515852093696594
0.5199999809265137,0.18515852093696594
0.5199999809265137,0.18515852093696594
0.5199999809265137,0.18515852093696594
0.5199999809265137,0.18515852093696594
0.5199999809265137,0.18515852093696594
0.5199999809265137,0.18515852093696594
0.5199999809265137,0.18515852093696594
0.5199999809265137,0.18515852093696594
0.5199999809265137,0.18515852093696594
0.5199999809265137,0.18515852093696594
0.5199999809265137,0.18515852093696594
0.5199999809265137,0.18515852093696594
0.5199999809265137,0.18515852093696594
0.5199999809265137,0.18515852093696594
0.5199999809265137,0.18515852093696594
0.5199999809265137,0.18515852093696594
0.5199999809265137,0.18515852093696594
0.5199999809265137,0.18515852093696594
0.5199999809265137,0.18515852093696594
0.5199999809265137,0.18515852093696594
0.5199999809265137,0.18515852093696594
0.5199999809265137,0.18515852093696594
0.5199999809265137,0.18515852093696594
0.5199999809265137,0.18515852093696594
0.5199999809265137,0.18515852093696594
0.5199999809265137,0.18515852093696594
0.5199999809265137,0.18515852093696594
0.5199999809265137,0.18515852093696594
0.5199999809265137,0.18515852093696594
0.5199999809265137,0.18515852093696594
0.5199999809265137,0.18515852093696594
0.5199999809265137,0.18515852093696594
0.5199999809265137,0.18515852093696594
0.5199999809265137,0.18515852093696594
0.5199999809265137,0.18515852093696594
0.5199999809265137,0.18515852093696594
0.5199999809265137,0.18515852093696594
0.5199999809265137,0.18515852093696594
0.5199999809265137,0.18515852093696594
0.5199999809265137,0.18515852093696594
0.5199999809265137,0.18515852093696594
0.5199999809265137,0.18515852093696594
0.5199999809265137,0.18515852093696594
0.5199999809265137,0.18515852093696594
0.5199999809265137,0.18515852093696594
0.5199999809265137,0.18515852093696594
0.5199999809265137,0.18515852093696594
0.5199999809265137,0.18515852093696594
0.5199999809265137,0.18515852093696594
0.5199999809265137,0.18515852093696594
0.5199999809265137,0.18515852093696594
0.5199999809265137,0.18515852093696594
0.5199999809265137,0.18515852093696594
0.5199999809265137,0.18515852093696594
0.5199999809265137,0.18515852093696594
0.5199999809265137,0.18515852093696594
0.5199999809265137,0.18515852093696594
0.5199999809265137,0.18515852093696594
0.5199999809265137,0.18515852093696594
0.5400000214576721,0.1868208944797516
0.5400000214576721,0.1868208944797516
0.5400000214576721,0.1868208944797516
0.5400000214576721,0.1868208944797516
0.5400000214576721,0.1868208944797516
0.5400000214576721,0.1868208944797516
0.5400000214576721,0.1868208944797516
0.5400000214576721,0.1868208944797516
0.5400000214576721,0.1868208944797516
0.5400000214576721,0.1868208944797516
0.5400000214576721,0.1868208944797516
0.5400000214576721,0.1868208944797516
0.5400000214576721,0.1868208944797516
0.5400000214576721,0.1868208944797516
0.5400000214576721,0.1868208944797516
0.5400000214576721,0.1868208944797516
0.5400000214576721,0.1868208944797516
0.5400000214576721,0.1868208944797516
0.5400000214576721,0.1868208944797516
0.5400000214576721,0.1868208944797516
0.5400000214576721,0.1868208944797516
0.5400000214576721,0.1868208944797516
0.5400000214576721,0.1868208944797516
0.5400000214576721,0.1868208944797516
0.5400000214576721,0.1868208944797516
0.5400000214576721,0.1868208944797516
0.5400000214576721,0.1868208944797516
0.5400000214576721,0.1868208944797516
0.5400000214576721,0.1868208944797516
0.5400000214576721,0.1868208944797516
0.5400000214576721,0.1868208944797516
0.5400000214576721,0.1868208944797516
0.5400000214576721,0.1868208944797516
0.5400000214576721,0.1868208944797516
0.5400000214576721,0.1868208944797516
0.5400000214576721,0.1868208944797516
0.5400000214576721,0.1868208944797516
0.5400000214576721,0.1868208944797516
0.5400000214576721,0.1868208944797516
0.5400000214576721,0.1868208944797516
0.5400000214576721,0.1868208944797516
0.5400000214576721,0.1868208944797516
0.5400000214576721,0.1868208944797516
0.5400000214576721,0.1868208944797516
0.5400000214576721,0.1868208944797516
0.5400000214576721,0.1868208944797516
0.5400000214576721,0.1868208944797516
0.5400000214576721,0.1868208944797516
0.5400000214576721,0.1868208944797516
0.5400000214576721,0.1868208944797516
0.5400000214576721,0.1868208944797516
0.5400000214576721,0.1868208944797516
0.5400000214576721,0.1868208944797516
0.5400000214576721,0.1868208944797516
0.5400000214576721,0.1868208944797516
0.5400000214576721,0.1868208944797516
0.5400000214576721,0.1868208944797516
0.5400000214576721,0.1868208944797516
0.5400000214576721,0.1868208944797516
0.5400000214576721,0.1868208944797516
0.5400000214576721,0.1868208944797516
0.5400000214576721,0.1868208944797516
0.5400000214576721,0.1868208944797516
0.5400000214576721,0.1868208944797516
0.5400000214576721,0.1868208944797516
0.5400000214576721,0.1868208944797516
0.5400000214576721,0.1868208944797516
0.5400000214576721,0.1868208944797516
0.5400000214576721,0.1868208944797516
0.5400000214576721,0.1868208944797516
0.5400000214576721,0.1868208944797516
0.5400000214576721,0.1868208944797516
0.5400000214576721,0.1868208944797516
0.5400000214576721,0.1868208944797516
0.5400000214576721,0.1868208944797516
0.5400000214576721,0.1868208944797516
0.5400000214576721,0.1868208944797516
0.5400000214576721,0.1868208944797516
0.5400000214576721,0.1868208944797516
0.5400000214576721,0.1868208944797516
0.5400000214576721,0.1868208944797516
0.5400000214576721,0.1868208944797516
0.5400000214576721,0.1868208944797516
0.5400000214576721,0.1868208944797516
0.5400000214576721,0.1868208944797516
0.5400000214576721,0.1868208944797516
0.5400000214576721,0.1868208944797516
0.5400000214576721,0.1868208944797516
0.5400000214576721,0.1868208944797516
0.5400000214576721,0.1868208944797516
0.5400000214576721,0.1868208944797516
0.5400000214576721,0.1868208944797516
0.5400000214576721,0.1868208944797516
0.5400000214576721,0.1868208944797516
0.5400000214576721,0.1868208944797516
0.5400000214576721,0.1868208944797516
0.5400000214576721,0.1868208944797516
0.5400000214576721,0.1868208944797516
0.5400000214576721,0.1868208944797516
0.5400000214576721,0.1868208944797516
0.5400000214576721,0.1868208944797516
0.5600000023841858,0.1884760707616806
0.5600000023841858,0.1884760707616806
0.5600000023841858,0.1884760707616806
0.5600000023841858,0.1884760707616806
0.5600000023841858,0.1884760707616806
0.5600000023841858,0.1884760707616806
0.5600000023841858,0.1884760707616806
0.5600000023841858,0.1884760707616806
0.5600000023841858,0.1884760707616806
0.5600000023841858,0.1884760707616806
0.5600000023841858,0.1884760707616806
0.5600000023841858,0.1884760707616806
0.5600000023841858,0.1884760707616806
0.5600000023841858,0.1884760707616806
0.5600000023841858,0.1884760707616806
0.5600000023841858,0.1884760707616806
0.5600000023841858,0.1884760707616806
0.5600000023841858,0.1884760707616806
0.5600000023841858,0.1884760707616806
0.5600000023841858,0.1884760707616806
0.5600000023841858,0.1884760707616806
0.5600000023841858,0.1884760707616806
0.5600000023841858,0.1884760707616806
0.5600000023841858,0.1884760707616806
0.5600000023841858,0.1884760707616806
0.5600000023841858,0.1884760707616806
0.5600000023841858,0.1884760707616806
0.5600000023841858,0.1884760707616806
0.5600000023841858,0.1884760707616806
0.5600000023841858,0.1884760707616806
0.5600000023841858,0.1884760707616806
0.5600000023841858,0.1884760707616806
0.5600000023841858,0.1884760707616806
0.5600000023841858,0.1884760707616806
0.5600000023841858,0.1884760707616806
0.5600000023841858,0.1884760707616806
0.5600000023841858,0.1884760707616806
0.5600000023841858,0.1884760707616806
0.5600000023841858,0.1884760707616806
0.5600000023841858,0.1884760707616806
0.5600000023841858,0.1884760707616806
0.5600000023841858,0.1884760707616806
0.5600000023841858,0.1884760707616806
0.5600000023841858,0.1884760707616806
0.5600000023841858,0.1884760707616806
0.5600000023841858,0.1884760707616806
0.5600000023841858,0.1884760707616806
0.5600000023841858,0.1884760707616806
0.5600000023841858,0.1884760707616806
0.5600000023841858,0.1884760707616806
0.5600000023841858,0.1884760707616806
0.5600000023841858,0.1884760707616806
0.5600000023841858,0.1884760707616806
0.5600000023841858,0.1884760707616806
0.5600000023841858,0.1884760707616806
0.5600000023841858,0.1884760707616806
0.5600000023841858,0.1884760707616806
0.5600000023841858,0.1884760707616806
0.5600000023841858,0.1884760707616806
0.5600000023841858,0.1884760707616806
0.5600000023841858,0.1884760707616806
0.5600000023841858,0.1884760707616806
0.5600000023841858,0.1884760707616806
0.5600000023841858,0.1884760707616806
0.5600000023841858,0.1884760707616806
0.5600000023841858,0.1884760707616806
0.5600000023841858,0.1884760707616806
0.5600000023841858,0.1884760707616806
0.5600000023841858,0.1884760707616806
0.5600000023841858,0.1884760707616806
0.5600000023841858,0.1884760707616806
0.5600000023841858,0.1884760707616806
0.5600000023841858,0.1884760707616806
0.5600000023841858,0.1884760707616806
0.5600000023841858,0.1884760707616806
0.5600000023841858,0.1884760707616806
0.5600000023841858,0.1884760707616806
0.5600000023841858,0.1884760707616806
0.5600000023841858,0.1884760707616806
0.5600000023841858,0.1884760707616806
0.5600000023841858,0.1884760707616806
0.5600000023841858,0.1884760707616806
0.5600000023841858,0.1884760707616806
0.5600000023841858,0.1884760707616806
0.5600000023841858,0.1884760707616806
0.5600000023841858,0.1884760707616806
0.5600000023841858,0.1884760707616806
0.5600000023841858,0.1884760707616806
0.5600000023841858,0.1884760707616806
0.5600000023841858,0.1884760707616806
0.5600000023841858,0.1884760707616806
0.5600000023841858,0.1884760707616806
0.5600000023841858,0.1884760707616806
0.5600000023841858,0.1884760707616806
0.5600000023841858,0.1884760707616806
0.5600000023841858,0.1884760707616806
0.5600000023841858,0.1884760707616806
0.5600000023841858,0.1884760707616806
0.5600000023841858,0.1884760707616806
0.5600000023841858,0.1884760707616806
0.5600000023841858,0.1884760707616806
0.5799999833106995,0.19012346863746643
0.5799999833106995,0.19012346863746643
0.5799999833106995,0.19012346863746643
0.5799999833106995,0.19012346863746643
0.5799999833106995,0.19012346863746643
0.5799999833106995,0.19012346863746643
0.5799999833106995,0.19012346863746643
0.5799999833106995,0.19012346863746643
0.5799999833106995,0.19012346863746643
0.5799999833106995,0.19012346863746643
0.5799999833106995,0.19012346863746643
0.5799999833106995,0.19012346863746643
0.5799999833106995,0.19012346863746643
0.5799999833106995,0.19012346863746643
0.5799999833106995,0.19012346863746643
0.5799999833106995,0.19012346863746643
0.5799999833106995,0.19012346863746643
0.5799999833106995,0.19012346863746643
0.5799999833106995,0.19012346863746643
0.5799999833106995,0.19012346863746643
0.5799999833106995,0.19012346863746643
0.5799999833106995,0.19012346863746643
0.5799999833106995,0.19012346863746643
0.5799999833106995,0.19012346863746643
0.5799999833106995,0.19012346863746643
0.5799999833106995,0.19012346863746643
0.5799999833106995,0.19012346863746643
0.5799999833106995,0.19012346863746643
0.5799999833106995,0.19012346863746643
0.5799999833106995,0.19012346863746643
0.5799999833106995,0.19012346863746643
0.5799999833106995,0.19012346863746643
0.5799999833106995,0.19012346863746643
0.5799999833106995,0.19012346863746643
0.5799999833106995,0.19012346863746643
0.5799999833106995,0.19012346863746643
0.5799999833106995,0.19012346863746643
0.5799999833106995,0.19012346863746643
0.5799999833106995,0.19012346863746643
0.5799999833106995,0.19012346863746643
0.5799999833106995,0.19012346863746643
0.5799999833106995,0.19012346863746643
0.5799999833106995,0.19012346863746643
0.5799999833106995,0.19012346863746643
0.5799999833106995,0.19012346863746643
0.5799999833106995,0.19012346863746643
0.5799999833106995,0.19012346863746643
0.5799999833106995,0.19012346863746643
0.5799999833106995,0.19012346863746643
0.5799999833106995,0.19012346863746643
0.5799999833106995,0.19012346863746643
0.5799999833106995,0.19012346863746643
0.5799999833106995,0.19012346863746643
0.5799999833106995,0.19012346863746643
0.5799999833106995,0.19012346863746643
0.5799999833106995,0.19012346863746643
0.5799999833106995,0.19012346863746643
0.5799999833106995,0.19012346863746643
0.5799999833106995,0.19012346863746643
0.5799999833106995,0.19012346863746643
0.5799999833106995,0.19012346863746643
0.5799999833106995,0.19012346863746643
0.5799999833106995,0.19012346863746643
0.5799999833106995,0.19012346863746643
0.5799999833106995,0.19012346863746643
0.5799999833106995,0.19012346863746643
0.5799999833106995,0.19012346863746643
0.5799999833106995,0.19012346863746643
0.5799999833106995,0.19012346863746643
0.5799999833106995,0.19012346863746643
0.5799999833106995,0.19012346863746643
0.5799999833106995,0.19012346863746643
0.5799999833106995,0.19012346863746643
0.5799999833106995,0.19012346863746643
0.5799999833106995,0.19012346863746643
0.5799999833106995,0.19012346863746643
0.5799999833106995,0.19012346863746643
0.5799999833106995,0.19012346863746643
0.5799999833106995,0.19012346863746643
0.5799999833106995,0.19012346863746643
0.5799999833106995,0.19012346863746643
0.5799999833106995,0.19012346863746643
0.5799999833106995,0.19012346863746643
0.5799999833106995,0.19012346863746643
0.5799999833106995,0.19012346863746643
0.5799999833106995,0.19012346863746643
0.5799999833106995,0.19012346863746643
0.5799999833106995,0.19012346863746643
0.5799999833106995,0.19012346863746643
0.5799999833106995,0.19012346863746643
0.5799999833106995,0.19012346863746643
0.5799999833106995,0.19012346863746643
0.5799999833106995,0.19012346863746643
0.5799999833106995,0.19012346863746643
0.5799999833106995,0.19012346863746643
0.5799999833106995,0.19012346863746643
0.5799999833106995,0.19012346863746643
0.5799999833106995,0.19012346863746643
0.5799999833106995,0.19012346863746643
0.5799999833106995,0.19012346863746643
0.5799999833106995,0.19012346863746643
0.6000000238418579,0.19176237285137177
0.6000000238418579,0.19176237285137177
0.6000000238418579,0.19176237285137177
0.6000000238418579,0.19176237285137177
0.6000000238418579,0.19176237285137177
0.6000000238418579,0.19176237285137177
0.6000000238418579,0.19176237285137177
0.6000000238418579,0.19176237285137177
0.6000000238418579,0.19176237285137177
0.6000000238418579,0.19176237285137177
0.6000000238418579,0.19176237285137177
0.6000000238418579,0.19176237285137177
0.6000000238418579,0.19176237285137177
0.6000000238418579,0.19176237285137177
0.6000000238418579,0.19176237285137177
0.6000000238418579,0.19176237285137177
0.6000000238418579,0.19176237285137177
0.6000000238418579,0.19176237285137177
0.6000000238418579,0.19176237285137177
0.6000000238418579,0.19176237285137177
0.6000000238418579,0.19176237285137177
0.6000000238418579,0.19176237285137177
0.6000000238418579,0.19176237285137177
0.6000000238418579,0.19176237285137177
0.6000000238418579,0.19176237285137177
0.6000000238418579,0.19176237285137177
0.6000000238418579,0.19176237285137177
0.6000000238418579,0.19176237285137177
0.6000000238418579,0.19176237285137177
0.6000000238418579,0.19176237285137177
0.6000000238418579,0.19176237285137177
0.6000000238418579,0.19176237285137177
0.6000000238418579,0.19176237285137177
0.6000000238418579,0.19176237285137177
0.6000000238418579,0.19176237285137177
0.6000000238418579,0.19176237285137177
0.6000000238418579,0.19176237285137177
0.6000000238418579,0.19176237285137177
0.6000000238418579,0.19176237285137177
0.6000000238418579,0.19176237285137177
0.6000000238418579,0.19176237285137177
0.6000000238418579,0.19176237285137177
0.6000000238418579,0.19176237285137177
0.6000000238418579,0.19176237285137177
0.6000000238418579,0.19176237285137177
0.6000000238418579,0.19176237285137177
0.6000000238418579,0.19176237285137177
0.6000000238418579,0.19176237285137177
0.6000000238418579,0.19176237285137177
0.6000000238418579,0.19176237285137177
0.6000000238418579,0.19176237285137177
0.6000000238418579,0.19176237285137177
0.6000000238418579,0.19176237285137177
0.6000000238418579,0.19176237285137177
0.6000000238418579,0.19176237285137177
0.6000000238418579,0.19176237285137177
0.6000000238418579,0.19176237285137177
0.6000000238418579,0.19176237285137177
0.6000000238418579,0.19176237285137177
0.6000000238418579,0.19176237285137177
0.6000000238418579,0.19176237285137177
0.6000000238418579,0.19176237285137177
0.6000000238418579,0.19176237285137177
0.6000000238418579,0.19176237285137177
0.6000000238418579,0.19176237285137177
0.6000000238418579,0.19176237285137177
0.6000000238418579,0.19176237285137177
0.6000000238418579,0.19176237285137177
0.6000000238418579,0.19176237285137177
0.6000000238418579,0.19176237285137177
0.6000000238418579,0.19176237285137177
0.6000000238418579,0.19176237285137177
0.6000000238418579,0.19176237285137177
0.6000000238418579,0.19176237285137177
0.6000000238418579,0.19176237285137177
0.6000000238418579,0.19176237285137177
0.6000000238418579,0.19176237285137177
0.6000000238418579,0.19176237285137177
0.6000000238418579,0.19176237285137177
0.6000000238418579,0.19176237285137177
0.6000000238418579,0.19176237285137177
0.6000000238418579,0.19176237285137177
0.6000000238418579,0.19176237285137177
0.6000000238418579,0.19176237285137177
0.6000000238418579,0.19176237285137177
0.6000000238418579,0.19176237285137177
0.6000000238418579,0.19176237285137177
0.6000000238418579,0.19176237285137177
0.6000000238418579,0.19176237285137177
0.6000000238418579,0.19176237285137177
0.6000000238418579,0.19176237285137177
0.6000000238418579,0.19176237285137177
0.6000000238418579,0.19176237285137177
0.6000000238418579,0.19176237285137177
0.6000000238418579,0.19176237285137177
0.6000000238418579,0.19176237285137177
0.6000000238418579,0.19176237285137177
0.6000000238418579,0.19176237285137177
0.6000000238418579,0.19176237285137177
0.6000000238418579,0.19176237285137177
0.6000000238418579,0.19176237285137177
0.6200000047683716,0.1933920979499817
0.6200000047683716,0.1933920979499817
0.6200000047683716,0.1933920979499817
0.6200000047683716,0.1933920979499817
0.6200000047683716,0.1933920979499817
0.6200000047683716,0.1933920979499817
0.6200000047683716,0.1933920979499817
0.6200000047683716,0.1933920979499817
0.6200000047683716,0.1933920979499817
0.6200000047683716,0.1933920979499817
0.6200000047683716,0.1933920979499817
0.6200000047683716,0.1933920979499817
0.6200000047683716,0.1933920979499817
0.6200000047683716,0.1933920979499817
0.6200000047683716,0.1933920979499817
0.6200000047683716,0.1933920979499817
0.6200000047683716,0.1933920979499817
0.6200000047683716,0.1933920979499817
0.6200000047683716,0.1933920979499817
0.6200000047683716,0.1933920979499817
0.6200000047683716,0.1933920979499817
0.6200000047683716,0.1933920979499817
0.6200000047683716,0.1933920979499817
0.6200000047683716,0.1933920979499817
0.6200000047683716,0.1933920979499817
0.6200000047683716,0.1933920979499817
0.6200000047683716,0.1933920979499817
0.6200000047683716,0.1933920979499817
0.6200000047683716,0.1933920979499817
0.6200000047683716,0.1933920979499817
0.6200000047683716,0.1933920979499817
0.6200000047683716,0.1933920979499817
0.6200000047683716,0.1933920979499817
0.6200000047683716,0.1933920979499817
0.6200000047683716,0.1933920979499817
0.6200000047683716,0.1933920979499817
0.6200000047683716,0.1933920979499817
0.6200000047683716,0.1933920979499817
0.6200000047683716,0.1933920979499817
0.6200000047683716,0.1933920979499817
0.6200000047683716,0.1933920979499817
0.6200000047683716,0.1933920979499817
0.6200000047683716,0.1933920979499817
0.6200000047683716,0.1933920979499817
0.6200000047683716,0.1933920979499817
0.6200000047683716,0.1933920979499817
0.6200000047683716,0.1933920979499817
0.6200000047683716,0.1933920979499817
0.6200000047683716,0.1933920979499817
0.6200000047683716,0.1933920979499817
0.6200000047683716,0.1933920979499817
0.6200000047683716,0.1933920979499817
0.6200000047683716,0.1933920979499817
0.6200000047683716,0.1933920979499817
0.6200000047683716,0.1933920979499817
0.6200000047683716,0.1933920979499817
0.6200000047683716,0.1933920979499817
0.6200000047683716,0.1933920979499817
0.6200000047683716,0.1933920979499817
0.6200000047683716,0.1933920979499817
0.6200000047683716,0.1933920979499817
0.6200000047683716,0.1933920979499817
0.6200000047683716,0.1933920979499817
0.6200000047683716,0.1933920979499817
0.6200000047683716,0.1933920979499817
0.6200000047683716,0.1933920979499817
0.6200000047683716,0.1933920979499817
0.6200000047683716,0.1933920979499817
0.6200000047683716,0.1933920979499817
0.6200000047683716,0.1933920979499817
0.6200000047683716,0.1933920979499817
0.6200000047683716,0.1933920979499817
0.6200000047683716,0.1933920979499817
0.6200000047683716,0.1933920979499817
0.6200000047683716,0.1933920979499817
0.6200000047683716,0.1933920979499817
0.6200000047683716,0.1933920979499817
0.6200000047683716,0.1933920979499817
0.6200000047683716,0.1933920979499817
0.6200000047683716,0.1933920979499817
0.6200000047683716,0.1933920979499817
0.6200000047683716,0.1933920979499817
0.6200000047683716,0.1933920979499817
0.6200000047683716,0.1933920979499817
0.6200000047683716,0.1933920979499817
0.6200000047683716,0.1933920979499817
0.6200000047683716,0.1933920979499817
0.6200000047683716,0.1933920979499817
0.6200000047683716,0.1933920979499817
0.6200000047683716,0.1933920979499817
0.6200000047683716,0.1933920979499817
0.6200000047683716,0.1933920979499817
0.6200000047683716,0.1933920979499817
0.6200000047683716,0.1933920979499817
0.6200000047683716,0.1933920979499817
0.6200000047683716,0.1933920979499817
0.6200000047683716,0.1933920979499817
0.6200000047683716,0.1933920979499817
0.6200000047683716,0.1933920979499817
0.6200000047683716,0.1933920979499817
0.6200000047683716,0.1933920979499817
0.6399999856948853,0.1950119435787201
0.6399999856948853,0.1950119435787201
0.6399999856948853,0.1950119435787201
0.6399999856948853,0.1950119435787201
0.6399999856948853,0.1950119435787201
0.6399999856948853,0.1950119435787201
0.6399999856948853,0.1950119435787201
0.6399999856948853,0.1950119435787201
0.6399999856948853,0.1950119435787201
0.6399999856948853,0.1950119435787201
0.6399999856948853,0.1950119435787201
0.6399999856948853,0.1950119435787201
0.6399999856948853,0.1950119435787201
0.6399999856948853,0.1950119435787201
0.6399999856948853,0.1950119435787201
0.6399999856948853,0.1950119435787201
0.6399999856948853,0.1950119435787201
0.6399999856948853,0.1950119435787201
0.6399999856948853,0.1950119435787201
0.6399999856948853,0.1950119435787201
0.6399999856948853,0.1950119435787201
0.6399999856948853,0.1950119435787201
0.6399999856948853,0.1950119435787201
0.6399999856948853,0.1950119435787201
0.6399999856948853,0.1950119435787201
0.6399999856948853,0.1950119435787201
0.6399999856948853,0.1950119435787201
0.6399999856948853,0.1950119435787201
0.6399999856948853,0.1950119435787201
0.6399999856948853,0.1950119435787201
0.6399999856948853,0.1950119435787201
0.6399999856948853,0.1950119435787201
0.6399999856948853,0.1950119435787201
0.6399999856948853,0.1950119435787201
0.6399999856948853,0.1950119435787201
0.6399999856948853,0.1950119435787201
0.6399999856948853,0.1950119435787201
0.6399999856948853,0.1950119435787201
0.6399999856948853,0.1950119435787201
0.6399999856948853,0.1950119435787201
0.6399999856948853,0.1950119435787201
0.6399999856948853,0.1950119435787201
0.6399999856948853,0.1950119435787201
0.6399999856948853,0.1950119435787201
0.6399999856948853,0.1950119435787201
0.6399999856948853,0.1950119435787201
0.6399999856948853,0.1950119435787201
0.6399999856948853,0.1950119435787201
0.6399999856948853,0.1950119435787201
0.6399999856948853,0.1950119435787201
0.6399999856948853,0.1950119435787201
0.6399999856948853,0.1950119435787201
0.6399999856948853,0.1950119435787201
0.6399999856948853,0.1950119435787201
0.6399999856948853,0.1950119435787201
0.6399999856948853,0.1950119435787201
0.6399999856948853,0.1950119435787201
0.6399999856948853,0.1950119435787201
0.6399999856948853,0.1950119435787201
0.6399999856948853,0.1950119435787201
0.6399999856948853,0.1950119435787201
0.6399999856948853,0.1950119435787201
0.6399999856948853,0.1950119435787201
0.6399999856948853,0.1950119435787201
0.6399999856948853,0.1950119435787201
0.6399999856948853,0.1950119435787201
0.6399999856948853,0.1950119435787201
0.6399999856948853,0.1950119435787201
0.6399999856948853,0.1950119435787201
0.6399999856948853,0.1950119435787201
0.6399999856948853,0.1950119435787201
0.6399999856948853,0.1950119435787201
0.6399999856948853,0.1950119435787201
0.6399999856948853,0.1950119435787201
0.6399999856948853,0.1950119435787201
0.6399999856948853,0.1950119435787201
0.6399999856948853,0.1950119435787201
0.6399999856948853,0.1950119435787201
0.6399999856948853,0.1950119435787201
0.6399999856948853,0.1950119435787201
0.6399999856948853,0.1950119435787201
0.6399999856948853,0.1950119435787201
0.6399999856948853,0.1950119435787201
0.6399999856948853,0.1950119435787201
0.6399999856948853,0.1950119435787201
0.6399999856948853,0.1950119435787201
0.6399999856948853,0.1950119435787201
0.6399999856948853,0.1950119435787201
0.6399999856948853,0.1950119435787201
0.6399999856948853,0.1950119435787201
0.6399999856948853,0.1950119435787201
0.6399999856948853,0.1950119435787201
0.6399999856948853,0.1950119435787201
0.6399999856948853,0.1950119435787201
0.6399999856948853,0.1950119435787201
0.6399999856948853,0.1950119435787201
0.6399999856948853,0.1950119435787201
0.6399999856948853,0.1950119435787201
0.6399999856948853,0.1950119435787201
0.6399999856948853,0.1950119435787201
0.6399999856948853,0.1950119435787201
0.6600000262260437,0.19662122428417206
0.6600000262260437,0.19662122428417206
0.6600000262260437,0.19662122428417206
0.6600000262260437,0.19662122428417206
0.6600000262260437,0.19662122428417206
0.6600000262260437,0.19662122428417206
0.6600000262260437,0.19662122428417206
0.6600000262260437,0.19662122428417206
0.6600000262260437,0.19662122428417206
0.6600000262260437,0.19662122428417206
0.6600000262260437,0.19662122428417206
0.6600000262260437,0.19662122428417206
0.6600000262260437,0.19662122428417206
0.6600000262260437,0.19662122428417206
0.6600000262260437,0.19662122428417206
0.6600000262260437,0.19662122428417206
0.6600000262260437,0.19662122428417206
0.6600000262260437,0.19662122428417206
0.6600000262260437,0.19662122428417206
0.6600000262260437,0.19662122428417206
0.6600000262260437,0.19662122428417206
0.6600000262260437,0.19662122428417206
0.6600000262260437,0.19662122428417206
0.6600000262260437,0.19662122428417206
0.6600000262260437,0.19662122428417206
0.6600000262260437,0.19662122428417206
0.6600000262260437,0.19662122428417206
0.6600000262260437,0.19662122428417206
0.6600000262260437,0.19662122428417206
0.6600000262260437,0.19662122428417206
0.6600000262260437,0.19662122428417206
0.6600000262260437,0.19662122428417206
0.6600000262260437,0.19662122428417206
0.6600000262260437,0.19662122428417206
0.6600000262260437,0.19662122428417206
0.6600000262260437,0.19662122428417206
0.6600000262260437,0.19662122428417206
0.6600000262260437,0.19662122428417206
0.6600000262260437,0.19662122428417206
0.6600000262260437,0.19662122428417206
0.6600000262260437,0.19662122428417206
0.6600000262260437,0.19662122428417206
0.6600000262260437,0.19662122428417206
0.6600000262260437,0.19662122428417206
0.6600000262260437,0.19662122428417206
0.6600000262260437,0.19662122428417206
0.6600000262260437,0.19662122428417206
0.6600000262260437,0.19662122428417206
0.6600000262260437,0.19662122428417206
0.6600000262260437,0.19662122428417206
0.6600000262260437,0.19662122428417206
0.6600000262260437,0.19662122428417206
0.6600000262260437,0.19662122428417206
0.6600000262260437,0.19662122428417206
0.6600000262260437,0.19662122428417206
0.6600000262260437,0.19662122428417206
0.6600000262260437,0.19662122428417206
0.6600000262260437,0.19662122428417206
0.6600000262260437,0.19662122428417206
0.6600000262260437,0.19662122428417206
0.6600000262260437,0.19662122428417206
0.6600000262260437,0.19662122428417206
0.6600000262260437,0.19662122428417206
0.6600000262260437,0.19662122428417206
0.6600000262260437,0.19662122428417206
0.6600000262260437,0.19662122428417206
0.6600000262260437,0.19662122428417206
0.6600000262260437,0.19662122428417206
0.6600000262260437,0.19662122428417206
0.6600000262260437,0.19662122428417206
0.6600000262260437,0.19662122428417206
0.6600000262260437,0.19662122428417206
0.6600000262260437,0.19662122428417206
0.6600000262260437,0.19662122428417206
0.6600000262260437,0.19662122428417206
0.6600000262260437,0.19662122428417206
0.6600000262260437,0.19662122428417206
0.6600000262260437,0.19662122428417206
0.6600000262260437,0.19662122428417206
0.6600000262260437,0.19662122428417206
0.6600000262260437,0.19662122428417206
0.6600000262260437,0.19662122428417206
0.6600000262260437,0.19662122428417206
0.6600000262260437,0.19662122428417206
0.6600000262260437,0.19662122428417206
0.6600000262260437,0.19662122428417206
0.6600000262260437,0.19662122428417206
0.6600000262260437,0.19662122428417206
0.6600000262260437,0.19662122428417206
0.6600000262260437,0.19662122428417206
0.6600000262260437,0.19662122428417206
0.6600000262260437,0.19662122428417206
0.6600000262260437,0.19662122428417206
0.6600000262260437,0.19662122428417206
0.6600000262260437,0.19662122428417206
0.6600000262260437,0.19662122428417206
0.6600000262260437,0.19662122428417206
0.6600000262260437,0.19662122428417206
0.6600000262260437,0.19662122428417206
0.6600000262260437,0.19662122428417206
0.6600000262260437,0.19662122428417206
0.6800000071525574,0.1982191652059555
0.6800000071525574,0.1982191652059555
0.6800000071525574,0.1982191652059555
0.6800000071525574,0.1982191652059555
0.6800000071525574,0.1982191652059555
0.6800000071525574,0.1982191652059555
0.6800000071525574,0.1982191652059555
0.6800000071525574,0.1982191652059555
0.6800000071525574,0.1982191652059555
0.6800000071525574,0.1982191652059555
0.6800000071525574,0.1982191652059555
0.6800000071525574,0.1982191652059555
0.6800000071525574,0.1982191652059555
0.6800000071525574,0.1982191652059555
0.6800000071525574,0.1982191652059555
0.6800000071525574,0.1982191652059555
0.6800000071525574,0.1982191652059555
0.6800000071525574,0.1982191652059555
0.6800000071525574,0.1982191652059555
0.6800000071525574,0.1982191652059555
0.6800000071525574,0.1982191652059555
0.6800000071525574,0.1982191652059555
0.6800000071525574,0.1982191652059555
0.6800000071525574,0.1982191652059555
0.6800000071525574,0.1982191652059555
0.6800000071525574,0.1982191652059555
0.6800000071525574,0.1982191652059555
0.6800000071525574,0.1982191652059555
0.6800000071525574,0.1982191652059555
0.6800000071525574,0.1982191652059555
0.6800000071525574,0.1982191652059555
0.6800000071525574,0.1982191652059555
0.6800000071525574,0.1982191652059555
0.6800000071525574,0.1982191652059555
0.6800000071525574,0.1982191652059555
0.6800000071525574,0.1982191652059555
0.6800000071525574,0.1982191652059555
0.6800000071525574,0.1982191652059555
0.6800000071525574,0.1982191652059555
0.6800000071525574,0.1982191652059555
0.6800000071525574,0.1982191652059555
0.6800000071525574,0.1982191652059555
0.6800000071525574,0.1982191652059555
0.6800000071525574,0.1982191652059555
0.6800000071525574,0.1982191652059555
0.6800000071525574,0.1982191652059555
0.6800000071525574,0.1982191652059555
0.6800000071525574,0.1982191652059555
0.6800000071525574,0.1982191652059555
0.6800000071525574,0.1982191652059555
0.6800000071525574,0.1982191652059555
0.6800000071525574,0.1982191652059555
0.6800000071525574,0.1982191652059555
0.6800000071525574,0.1982191652059555
0.6800000071525574,0.1982191652059555
0.6800000071525574,0.1982191652059555
0.6800000071525574,0.1982191652059555
0.6800000071525574,0.1982191652059555
0.6800000071525574,0.1982191652059555
0.6800000071525574,0.1982191652059555
0.6800000071525574,0.1982191652059555
0.6800000071525574,0.1982191652059555
0.6800000071525574,0.1982191652059555
0.6800000071525574,0.1982191652059555
0.6800000071525574,0.1982191652059555
0.6800000071525574,0.1982191652059555
0.6800000071525574,0.1982191652059555
0.6800000071525574,0.1982191652059555
0.6800000071525574,0.1982191652059555
0.6800000071525574,0.1982191652059555
0.6800000071525574,0.1982191652059555
0.6800000071525574,0.1982191652059555
0.6800000071525574,0.1982191652059555
0.6800000071525574,0.1982191652059555
0.6800000071525574,0.1982191652059555
0.6800000071525574,0.1982191652059555
0.6800000071525574,0.1982191652059555
0.6800000071525574,0.1982191652059555
0.6800000071525574,0.1982191652059555
0.6800000071525574,0.1982191652059555
0.6800000071525574,0.1982191652059555
0.6800000071525574,0.1982191652059555
0.6800000071525574,0.1982191652059555
0.6800000071525574,0.1982191652059555
0.6800000071525574,0.1982191652059555
0.6800000071525574,0.1982191652059555
0.6800000071525574,0.1982191652059555
0.6800000071525574,0.1982191652059555
0.6800000071525574,0.1982191652059555
0.6800000071525574,0.1982191652059555
0.6800000071525574,0.1982191652059555
0.6800000071525574,0.1982191652059555
0.6800000071525574,0.1982191652059555
0.6800000071525574,0.1982191652059555
0.6800000071525574,0.1982191652059555
0.6800000071525574,0.1982191652059555
0.6800000071525574,0.1982191652059555
0.6800000071525574,0.1982191652059555
0.6800000071525574,0.1982191652059555
0.6800000071525574,0.1982191652059555
0.6800000071525574,0.1982191652059555
0.699999988079071,0.1998051106929779
0.699999988079071,0.1998051106929779
0.699999988079071,0.1998051106929779
0.699999988079071,0.1998051106929779
0.699999988079071,0.1998051106929779
0.699999988079071,0.1998051106929779
0.699999988079071,0.1998051106929779
0.699999988079071,0.1998051106929779
0.699999988079071,0.1998051106929779
0.699999988079071,0.1998051106929779
0.699999988079071,0.1998051106929779
0.699999988079071,0.1998051106929779
0.699999988079071,0.1998051106929779
0.699999988079071,0.1998051106929779
0.699999988079071,0.1998051106929779
0.699999988079071,0.1998051106929779
0.699999988079071,0.1998051106929779
0.699999988079071,0.1998051106929779
0.699999988079071,0.1998051106929779
0.699999988079071,0.1998051106929779
0.699999988079071,0.1998051106929779
0.699999988079071,0.1998051106929779
0.699999988079071,0.1998051106929779
0.699999988079071,0.1998051106929779
0.699999988079071,0.1998051106929779
0.699999988079071,0.1998051106929779
0.699999988079071,0.1998051106929779
0.699999988079071,0.1998051106929779
0.699999988079071,0.1998051106929779
0.699999988079071,0.1998051106929779
0.699999988079071,0.1998051106929779
0.699999988079071,0.1998051106929779
0.699999988079071,0.1998051106929779
0.699999988079071,0.1998051106929779
0.699999988079071,0.1998051106929779
0.699999988079071,0.1998051106929779
0.699999988079071,0.1998051106929779
0.699999988079071,0.1998051106929779
0.699999988079071,0.1998051106929779
0.699999988079071,0.1998051106929779
0.699999988079071,0.1998051106929779
0.699999988079071,0.1998051106929779
0.699999988079071,0.1998051106929779
0.699999988079071,0.1998051106929779
0.699999988079071,0.1998051106929779
0.699999988079071,0.1998051106929779
0.699999988079071,0.1998051106929779
0.699999988079071,0.1998051106929779
0.699999988079071,0.1998051106929779
0.699999988079071,0.1998051106929779
0.699999988079071,0.1998051106929779
0.699999988079071,0.1998051106929779
0.699999988079071,0.1998051106929779
0.699999988079071,0.1998051106929779
0.699999988079071,0.1998051106929779
0.699999988079071,0.1998051106929779
0.699999988079071,0.1998051106929779
0.699999988079071,0.1998051106929779
0.699999988079071,0.1998051106929779
0.699999988079071,0.1998051106929779
0.699999988079071,0.1998051106929779
0.699999988079071,0.1998051106929779
0.699999988079071,0.1998051106929779
0.699999988079071,0.1998051106929779
0.699999988079071,0.1998051106929779
0.699999988079071,0.1998051106929779
0.699999988079071,0.1998051106929779
0.699999988079071,0.1998051106929779
0.699999988079071,0.1998051106929779
0.699999988079071,0.1998051106929779
0.699999988079071,0.1998051106929779
0.699999988079071,0.1998051106929779
0.699999988079071,0.1998051106929779
0.699999988079071,0.1998051106929779
0.699999988079071,0.1998051106929779
0.699999988079071,0.1998051106929779
0.699999988079071,0.1998051106929779
0.699999988079071,0.1998051106929779
0.699999988079071,0.1998051106929779
0.699999988079071,0.1998051106929779
0.699999988079071,0.1998051106929779
0.699999988079071,0.1998051106929779
0.699999988079071,0.1998051106929779
0.699999988079071,0.1998051106929779
0.699999988079071,0.1998051106929779
0.699999988079071,0.1998051106929779
0.699999988079071,0.1998051106929779
0.699999988079071,0.1998051106929779
0.699999988079071,0.1998051106929779
0.699999988079071,0.1998051106929779
0.699999988079071,0.1998051106929779
0.699999988079071,0.1998051106929779
0.699999988079071,0.1998051106929779
0.699999988079071,0.1998051106929779
0.699999988079071,0.1998051106929779
0.699999988079071,0.1998051106929779
0.699999988079071,0.1998051106929779
0.699999988079071,0.1998051106929779
0.699999988079071,0.1998051106929779
0.699999988079071,0.1998051106929779
0.699999988079071,0.1998051106929779
0.7200000286102295,0.20137831568717957
0.7200000286102295,0.20137831568717957
0.7200000286102295,0.20137831568717957
0.7200000286102295,0.20137831568717957
0.7200000286102295,0.20137831568717957
0.7200000286102295,0.20137831568717957
0.7200000286102295,0.20137831568717957
0.7200000286102295,0.20137831568717957
0.7200000286102295,0.20137831568717957
0.7200000286102295,0.20137831568717957
0.7200000286102295,0.20137831568717957
0.7200000286102295,0.20137831568717957
0.7200000286102295,0.20137831568717957
0.7200000286102295,0.20137831568717957
0.7200000286102295,0.20137831568717957
0.7200000286102295,0.20137831568717957
0.7200000286102295,0.20137831568717957
0.7200000286102295,0.20137831568717957
0.7200000286102295,0.20137831568717957
0.7200000286102295,0.20137831568717957
0.7200000286102295,0.20137831568717957
0.7200000286102295,0.20137831568717957
0.7200000286102295,0.20137831568717957
0.7200000286102295,0.20137831568717957
0.7200000286102295,0.20137831568717957
0.7200000286102295,0.20137831568717957
0.7200000286102295,0.20137831568717957
0.7200000286102295,0.20137831568717957
0.7200000286102295,0.20137831568717957
0.7200000286102295,0.20137831568717957
0.7200000286102295,0.20137831568717957
0.7200000286102295,0.20137831568717957
0.7200000286102295,0.20137831568717957
0.7200000286102295,0.20137831568717957
0.7200000286102295,0.20137831568717957
0.7200000286102295,0.20137831568717957
0.7200000286102295,0.20137831568717957
0.7200000286102295,0.20137831568717957
0.7200000286102295,0.20137831568717957
0.7200000286102295,0.20137831568717957
0.7200000286102295,0.20137831568717957
0.7200000286102295,0.20137831568717957
0.7200000286102295,0.20137831568717957
0.7200000286102295,0.20137831568717957
0.7200000286102295,0.20137831568717957
0.7200000286102295,0.20137831568717957
0.7200000286102295,0.20137831568717957
0.7200000286102295,0.20137831568717957
0.7200000286102295,0.20137831568717957
0.7200000286102295,0.20137831568717957
0.7200000286102295,0.20137831568717957
0.7200000286102295,0.20137831568717957
0.7200000286102295,0.20137831568717957
0.7200000286102295,0.20137831568717957
0.7200000286102295,0.20137831568717957
0.7200000286102295,0.20137831568717957
0.7200000286102295,0.20137831568717957
0.7200000286102295,0.20137831568717957
0.7200000286102295,0.20137831568717957
0.7200000286102295,0.20137831568717957
0.7200000286102295,0.20137831568717957
0.7200000286102295,0.20137831568717957
0.7200000286102295,0.20137831568717957
0.7200000286102295,0.20137831568717957
0.7200000286102295,0.20137831568717957
0.7200000286102295,0.20137831568717957
0.7200000286102295,0.20137831568717957
0.7200000286102295,0.20137831568717957
0.7200000286102295,0.20137831568717957
0.7200000286102295,0.20137831568717957
0.7200000286102295,0.20137831568717957
0.7200000286102295,0.20137831568717957
0.7200000286102295,0.20137831568717957
0.7200000286102295,0.20137831568717957
0.7200000286102295,0.20137831568717957
0.7200000286102295,0.20137831568717957
0.7200000286102295,0.20137831568717957
0.7200000286102295,0.20137831568717957
0.7200000286102295,0.20137831568717957
0.7200000286102295,0.20137831568717957
0.7200000286102295,0.20137831568717957
0.7200000286102295,0.20137831568717957
0.7200000286102295,0.20137831568717957
0.7200000286102295,0.20137831568717957
0.7200000286102295,0.20137831568717957
0.7200000286102295,0.20137831568717957
0.7200000286102295,0.20137831568717957
0.7200000286102295,0.20137831568717957
0.7200000286102295,0.20137831568717957
0.7200000286102295,0.20137831568717957
0.7200000286102295,0.20137831568717957
0.7200000286102295,0.20137831568717957
0.7200000286102295,0.20137831568717957
0.7200000286102295,0.20137831568717957
0.7200000286102295,0.20137831568717957
0.7200000286102295,0.20137831568717957
0.7200000286102295,0.20137831568717957
0.7200000286102295,0.20137831568717957
0.7200000286102295,0.20137831568717957
0.7200000286102295,0.20137831568717957
0.7200000286102295,0.20137831568717957
0.7400000095367432,0.2029379904270172
0.7400000095367432,0.2029379904270172
0.7400000095367432,0.2029379904270172
0.7400000095367432,0.2029379904270172
0.7400000095367432,0.2029379904270172
0.7400000095367432,0.2029379904270172
0.7400000095367432,0.2029379904270172
0.7400000095367432,0.2029379904270172
0.7400000095367432,0.2029379904270172
0.7400000095367432,0.2029379904270172
0.7400000095367432,0.2029379904270172
0.7400000095367432,0.2029379904270172
0.7400000095367432,0.2029379904270172
0.7400000095367432,0.2029379904270172
0.7400000095367432,0.2029379904270172
0.7400000095367432,0.2029379904270172
0.7400000095367432,0.2029379904270172
0.7400000095367432,0.2029379904270172
0.7400000095367432,0.2029379904270172
0.7400000095367432,0.2029379904270172
0.7400000095367432,0.2029379904270172
0.7400000095367432,0.2029379904270172
0.7400000095367432,0.2029379904270172
0.7400000095367432,0.2029379904270172
0.7400000095367432,0.2029379904270172
0.7400000095367432,0.2029379904270172
0.7400000095367432,0.2029379904270172
0.7400000095367432,0.2029379904270172
0.7400000095367432,0.2029379904270172
0.7400000095367432,0.2029379904270172
0.7400000095367432,0.2029379904270172
0.7400000095367432,0.2029379904270172
0.7400000095367432,0.2029379904270172
0.7400000095367432,0.2029379904270172
0.7400000095367432,0.2029379904270172
0.7400000095367432,0.2029379904270172
0.7400000095367432,0.2029379904270172
0.7400000095367432,0.2029379904270172
0.7400000095367432,0.2029379904270172
0.7400000095367432,0.2029379904270172
0.7400000095367432,0.2029379904270172
0.7400000095367432,0.2029379904270172
0.7400000095367432,0.2029379904270172
0.7400000095367432,0.2029379904270172
0.7400000095367432,0.2029379904270172
0.7400000095367432,0.2029379904270172
0.7400000095367432,0.2029379904270172
0.7400000095367432,0.2029379904270172
0.7400000095367432,0.2029379904270172
0.7400000095367432,0.2029379904270172
0.7400000095367432,0.2029379904270172
0.7400000095367432,0.2029379904270172
0.7400000095367432,0.2029379904270172
0.7400000095367432,0.2029379904270172
0.7400000095367432,0.2029379904270172
0.7400000095367432,0.2029379904270172
0.7400000095367432,0.2029379904270172
0.7400000095367432,0.2029379904270172
0.7400000095367432,0.2029379904270172
0.7400000095367432,0.2029379904270172
0.7400000095367432,0.2029379904270172
0.7400000095367432,0.2029379904270172
0.7400000095367432,0.2029379904270172
0.7400000095367432,0.2029379904270172
0.7400000095367432,0.2029379904270172
0.7400000095367432,0.2029379904270172
0.7400000095367432,0.2029379904270172
0.7400000095367432,0.2029379904270172
0.7400000095367432,0.2029379904270172
0.7400000095367432,0.2029379904270172
0.7400000095367432,0.2029379904270172
0.7400000095367432,0.2029379904270172
0.7400000095367432,0.2029379904270172
0.7400000095367432,0.2029379904270172
0.7400000095367432,0.2029379904270172
0.7400000095367432,0.2029379904270172
0.7400000095367432,0.2029379904270172
0.7400000095367432,0.2029379904270172
0.7400000095367432,0.2029379904270172
0.7400000095367432,0.2029379904270172
0.7400000095367432,0.2029379904270172
0.7400000095367432,0.2029379904270172
0.7400000095367432,0.2029379904270172
0.7400000095367432,0.2029379904270172
0.7400000095367432,0.2029379904270172
0.7400000095367432,0.2029379904270172
0.7400000095367432,0.2029379904270172
0.7400000095367432,0.2029379904270172
0.7400000095367432,0.2029379904270172
0.7400000095367432,0.2029379904270172
0.7400000095367432,0.2029379904270172
0.7400000095367432,0.2029379904270172
0.7400000095367432,0.2029379904270172
0.7400000095367432,0.2029379904270172
0.7400000095367432,0.2029379904270172
0.7400000095367432,0.2029379904270172
0.7400000095367432,0.2029379904270172
0.7400000095367432,0.2029379904270172
0.7400000095367432,0.2029379904270172
0.7400000095367432,0.2029379904270172
0.7400000095367432,0.2029379904270172
0.7599999904632568,0.20448346436023712
0.7599999904632568,0.20448346436023712
0.7599999904632568,0.20448346436023712
0.7599999904632568,0.20448346436023712
0.7599999904632568,0.20448346436023712
0.7599999904632568,0.20448346436023712
0.7599999904632568,0.20448346436023712
0.7599999904632568,0.20448346436023712
0.7599999904632568,0.20448346436023712
0.7599999904632568,0.20448346436023712
0.7599999904632568,0.20448346436023712
0.7599999904632568,0.20448346436023712
0.7599999904632568,0.20448346436023712
0.7599999904632568,0.20448346436023712
0.7599999904632568,0.20448346436023712
0.7599999904632568,0.20448346436023712
0.7599999904632568,0.20448346436023712
0.7599999904632568,0.20448346436023712
0.7599999904632568,0.20448346436023712
0.7599999904632568,0.20448346436023712
0.7599999904632568,0.20448346436023712
0.7599999904632568,0.20448346436023712
0.7599999904632568,0.20448346436023712
0.7599999904632568,0.20448346436023712
0.7599999904632568,0.20448346436023712
0.7599999904632568,0.20448346436023712
0.7599999904632568,0.20448346436023712
0.7599999904632568,0.20448346436023712
0.7599999904632568,0.20448346436023712
0.7599999904632568,0.20448346436023712
0.7599999904632568,0.20448346436023712
0.7599999904632568,0.20448346436023712
0.7599999904632568,0.20448346436023712
0.7599999904632568,0.20448346436023712
0.7599999904632568,0.20448346436023712
0.7599999904632568,0.20448346436023712
0.7599999904632568,0.20448346436023712
0.7599999904632568,0.20448346436023712
0.7599999904632568,0.20448346436023712
0.7599999904632568,0.20448346436023712
0.7599999904632568,0.20448346436023712
0.7599999904632568,0.20448346436023712
0.7599999904632568,0.20448346436023712
0.7599999904632568,0.20448346436023712
0.7599999904632568,0.20448346436023712
0.7599999904632568,0.20448346436023712
0.7599999904632568,0.20448346436023712
0.7599999904632568,0.20448346436023712
0.7599999904632568,0.20448346436023712
0.7599999904632568,0.20448346436023712
0.7599999904632568,0.20448346436023712
0.7599999904632568,0.20448346436023712
0.7599999904632568,0.20448346436023712
0.7599999904632568,0.20448346436023712
0.7599999904632568,0.20448346436023712
0.7599999904632568,0.20448346436023712
0.7599999904632568,0.20448346436023712
0.7599999904632568,0.20448346436023712
0.7599999904632568,0.20448346436023712
0.7599999904632568,0.20448346436023712
0.7599999904632568,0.20448346436023712
0.7599999904632568,0.20448346436023712
0.7599999904632568,0.20448346436023712
0.7599999904632568,0.20448346436023712
0.7599999904632568,0.20448346436023712
0.7599999904632568,0.20448346436023712
0.7599999904632568,0.20448346436023712
0.7599999904632568,0.20448346436023712
0.7599999904632568,0.20448346436023712
0.7599999904632568,0.20448346436023712
0.7599999904632568,0.20448346436023712
0.7599999904632568,0.20448346436023712
0.7599999904632568,0.20448346436023712
0.7599999904632568,0.20448346436023712
0.7599999904632568,0.20448346436023712
0.7599999904632568,0.20448346436023712
0.7599999904632568,0.20448346436023712
0.7599999904632568,0.20448346436023712
0.7599999904632568,0.20448346436023712
0.7599999904632568,0.20448346436023712
0.7599999904632568,0.20448346436023712
0.7599999904632568,0.20448346436023712
0.7599999904632568,0.20448346436023712
0.7599999904632568,0.20448346436023712
0.7599999904632568,0.20448346436023712
0.7599999904632568,0.20448346436023712
0.7599999904632568,0.20448346436023712
0.7599999904632568,0.20448346436023712
0.7599999904632568,0.20448346436023712
0.7599999904632568,0.20448346436023712
0.7599999904632568,0.20448346436023712
0.7599999904632568,0.20448346436023712
0.7599999904632568,0.20448346436023712
0.7599999904632568,0.20448346436023712
0.7599999904632568,0.20448346436023712
0.7599999904632568,0.20448346436023712
0.7599999904632568,0.20448346436023712
0.7599999904632568,0.20448346436023712
0.7599999904632568,0.20448346436023712
0.7599999904632568,0.20448346436023712
0.7599999904632568,0.20448346436023712
0.7799999713897705,0.20601396262645721
0.7799999713897705,0.20601396262645721
0.7799999713897705,0.20601396262645721
0.7799999713897705,0.20601396262645721
0.7799999713897705,0.20601396262645721
0.7799999713897705,0.20601396262645721
0.7799999713897705,0.20601396262645721
0.7799999713897705,0.20601396262645721
0.7799999713897705,0.20601396262645721
0.7799999713897705,0.20601396262645721
0.7799999713897705,0.20601396262645721
0.7799999713897705,0.20601396262645721
0.7799999713897705,0.20601396262645721
0.7799999713897705,0.20601396262645721
0.7799999713897705,0.20601396262645721
0.7799999713897705,0.20601396262645721
0.7799999713897705,0.20601396262645721
0.7799999713897705,0.20601396262645721
0.7799999713897705,0.20601396262645721
0.7799999713897705,0.20601396262645721
0.7799999713897705,0.20601396262645721
0.7799999713897705,0.20601396262645721
0.7799999713897705,0.20601396262645721
0.7799999713897705,0.20601396262645721
0.7799999713897705,0.20601396262645721
0.7799999713897705,0.20601396262645721
0.7799999713897705,0.20601396262645721
0.7799999713897705,0.20601396262645721
0.7799999713897705,0.20601396262645721
0.7799999713897705,0.20601396262645721
0.7799999713897705,0.20601396262645721
0.7799999713897705,0.20601396262645721
0.7799999713897705,0.20601396262645721
0.7799999713897705,0.20601396262645721
0.7799999713897705,0.20601396262645721
0.7799999713897705,0.20601396262645721
0.7799999713897705,0.20601396262645721
0.7799999713897705,0.20601396262645721
0.7799999713897705,0.20601396262645721
0.7799999713897705,0.20601396262645721
0.7799999713897705,0.20601396262645721
0.7799999713897705,0.20601396262645721
0.7799999713897705,0.20601396262645721
0.7799999713897705,0.20601396262645721
0.7799999713897705,0.20601396262645721
0.7799999713897705,0.20601396262645721
0.7799999713897705,0.20601396262645721
0.7799999713897705,0.20601396262645721
0.7799999713897705,0.20601396262645721
0.7799999713897705,0.20601396262645721
0.7799999713897705,0.20601396262645721
0.7799999713897705,0.20601396262645721
0.7799999713897705,0.20601396262645721
0.7799999713897705,0.20601396262645721
0.7799999713897705,0.20601396262645721
0.7799999713897705,0.20601396262645721
0.7799999713897705,0.20601396262645721
0.7799999713897705,0.20601396262645721
0.7799999713897705,0.20601396262645721
0.7799999713897705,0.20601396262645721
0.7799999713897705,0.20601396262645721
0.7799999713897705,0.20601396262645721
0.7799999713897705,0.20601396262645721
0.7799999713897705,0.20601396262645721
0.7799999713897705,0.20601396262645721
0.7799999713897705,0.20601396262645721
0.7799999713897705,0.20601396262645721
0.7799999713897705,0.20601396262645721
0.7799999713897705,0.20601396262645721
0.7799999713897705,0.20601396262645721
0.7799999713897705,0.20601396262645721
0.7799999713897705,0.20601396262645721
0.7799999713897705,0.20601396262645721
0.7799999713897705,0.20601396262645721
0.7799999713897705,0.20601396262645721
0.7799999713897705,0.20601396262645721
0.7799999713897705,0.20601396262645721
0.7799999713897705,0.20601396262645721
0.7799999713897705,0.20601396262645721
0.7799999713897705,0.20601396262645721
0.7799999713897705,0.20601396262645721
0.7799999713897705,0.20601396262645721
0.7799999713897705,0.20601396262645721
0.7799999713897705,0.20601396262645721
0.7799999713897705,0.20601396262645721
0.7799999713897705,0.20601396262645721
0.7799999713897705,0.20601396262645721
0.7799999713897705,0.20601396262645721
0.7799999713897705,0.20601396262645721
0.7799999713897705,0.20601396262645721
0.7799999713897705,0.20601396262645721
0.7799999713897705,0.20601396262645721
0.7799999713897705,0.20601396262645721
0.7799999713897705,0.20601396262645721
0.7799999713897705,0.20601396262645721
0.7799999713897705,0.20601396262645721
0.7799999713897705,0.20601396262645721
0.7799999713897705,0.20601396262645721
0.7799999713897705,0.20601396262645721
0.7799999713897705,0.20601396262645721
0.7799999713897705,0.20601396262645721
0.800000011920929,0.2075287103652954
0.800000011920929,0.2075287103652954
0.800000011920929,0.2075287103652954
0.800000011920929,0.2075287103652954
0.800000011920929,0.2075287103652954
0.800000011920929,0.2075287103652954
0.800000011920929,0.2075287103652954
0.800000011920929,0.2075287103652954
0.800000011920929,0.2075287103652954
0.800000011920929,0.2075287103652954
0.800000011920929,0.2075287103652954
0.800000011920929,0.2075287103652954
0.800000011920929,0.2075287103652954
0.800000011920929,0.2075287103652954
0.800000011920929,0.2075287103652954
0.800000011920929,0.2075287103652954
0.800000011920929,0.2075287103652954
0.800000011920929,0.2075287103652954
0.800000011920929,0.2075287103652954
0.800000011920929,0.2075287103652954
0.800000011920929,0.2075287103652954
0.800000011920929,0.2075287103652954
0.800000011920929,0.2075287103652954
0.800000011920929,0.2075287103652954
0.800000011920929,0.2075287103652954
0.800000011920929,0.2075287103652954
0.800000011920929,0.2075287103652954
0.800000011920929,0.2075287103652954
0.800000011920929,0.2075287103652954
0.800000011920929,0.2075287103652954
0.800000011920929,0.2075287103652954
0.800000011920929,0.2075287103652954
0.800000011920929,0.2075287103652954
0.800000011920929,0.2075287103652954
0.800000011920929,0.2075287103652954
0.800000011920929,0.2075287103652954
0.800000011920929,0.2075287103652954
0.800000011920929,0.2075287103652954
0.800000011920929,0.2075287103652954
0.800000011920929,0.2075287103652954
0.800000011920929,0.2075287103652954
0.800000011920929,0.2075287103652954
0.800000011920929,0.2075287103652954
0.800000011920929,0.2075287103652954
0.800000011920929,0.2075287103652954
0.800000011920929,0.2075287103652954
0.800000011920929,0.2075287103652954
0.800000011920929,0.2075287103652954
0.800000011920929,0.2075287103652954
0.800000011920929,0.2075287103652954
0.800000011920929,0.2075287103652954
0.800000011920929,0.2075287103652954
0.800000011920929,0.2075287103652954
0.800000011920929,0.2075287103652954
0.800000011920929,0.2075287103652954
0.800000011920929,0.2075287103652954
0.800000011920929,0.2075287103652954
0.800000011920929,0.2075287103652954
0.800000011920929,0.2075287103652954
0.800000011920929,0.2075287103652954
0.800000011920929,0.2075287103652954
0.800000011920929,0.2075287103652954
0.800000011920929,0.2075287103652954
0.800000011920929,0.2075287103652954
0.800000011920929,0.2075287103652954
0.800000011920929,0.2075287103652954
0.800000011920929,0.2075287103652954
0.800000011920929,0.2075287103652954
0.800000011920929,0.2075287103652954
0.800000011920929,0.2075287103652954
0.800000011920929,0.2075287103652954
0.800000011920929,0.2075287103652954
0.800000011920929,0.2075287103652954
0.800000011920929,0.2075287103652954
0.800000011920929,0.2075287103652954
0.800000011920929,0.2075287103652954
0.800000011920929,0.2075287103652954
0.800000011920929,0.2075287103652954
0.800000011920929,0.2075287103652954
0.800000011920929,0.2075287103652954
0.800000011920929,0.2075287103652954
0.800000011920929,0.2075287103652954
0.800000011920929,0.2075287103652954
0.800000011920929,0.2075287103652954
0.800000011920929,0.2075287103652954
0.800000011920929,0.2075287103652954
0.800000011920929,0.2075287103652954
0.800000011920929,0.2075287103652954
0.800000011920929,0.2075287103652954
0.800000011920929,0.2075287103652954
0.800000011920929,0.2075287103652954
0.800000011920929,0.2075287103652954
0.800000011920929,0.2075287103652954
0.800000011920929,0.2075287103652954
0.800000011920929,0.2075287103652954
0.800000011920929,0.2075287103652954
0.800000011920929,0.2075287103652954
0.800000011920929,0.2075287103652954
0.800000011920929,0.2075287103652954
0.800000011920929,0.2075287103652954
0.800000011920929,0.2075287103652954
0.8199999928474426,0.2090270072221756
0.8199999928474426,0.2090270072221756
0.8199999928474426,0.2090270072221756
0.8199999928474426,0.2090270072221756
0.8199999928474426,0.2090270072221756
0.8199999928474426,0.2090270072221756
0.8199999928474426,0.2090270072221756
0.8199999928474426,0.2090270072221756
0.8199999928474426,0.2090270072221756
0.8199999928474426,0.2090270072221756
0.8199999928474426,0.2090270072221756
0.8199999928474426,0.2090270072221756
0.8199999928474426,0.2090270072221756
0.8199999928474426,0.2090270072221756
0.8199999928474426,0.2090270072221756
0.8199999928474426,0.2090270072221756
0.8199999928474426,0.2090270072221756
0.8199999928474426,0.2090270072221756
0.8199999928474426,0.2090270072221756
0.8199999928474426,0.2090270072221756
0.8199999928474426,0.2090270072221756
0.8199999928474426,0.2090270072221756
0.8199999928474426,0.2090270072221756
0.8199999928474426,0.2090270072221756
0.8199999928474426,0.2090270072221756
0.8199999928474426,0.2090270072221756
0.8199999928474426,0.2090270072221756
0.8199999928474426,0.2090270072221756
0.8199999928474426,0.2090270072221756
0.8199999928474426,0.2090270072221756
0.8199999928474426,0.2090270072221756
0.8199999928474426,0.2090270072221756
0.8199999928474426,0.2090270072221756
0.8199999928474426,0.2090270072221756
0.8199999928474426,0.2090270072221756
0.8199999928474426,0.2090270072221756
0.8199999928474426,0.2090270072221756
0.8199999928474426,0.2090270072221756
0.8199999928474426,0.2090270072221756
0.8199999928474426,0.2090270072221756
0.8199999928474426,0.2090270072221756
0.8199999928474426,0.2090270072221756
0.8199999928474426,0.2090270072221756
0.8199999928474426,0.2090270072221756
0.8199999928474426,0.2090270072221756
0.8199999928474426,0.2090270072221756
0.8199999928474426,0.2090270072221756
0.8199999928474426,0.2090270072221756
0.8199999928474426,0.2090270072221756
0.8199999928474426,0.2090270072221756
0.8199999928474426,0.2090270072221756
0.8199999928474426,0.2090270072221756
0.8199999928474426,0.2090270072221756
0.8199999928474426,0.2090270072221756
0.8199999928474426,0.2090270072221756
0.8199999928474426,0.2090270072221756
0.8199999928474426,0.2090270072221756
0.8199999928474426,0.2090270072221756
0.8199999928474426,0.2090270072221756
0.8199999928474426,0.2090270072221756
0.8199999928474426,0.2090270072221756
0.8199999928474426,0.2090270072221756
0.8199999928474426,0.2090270072221756
0.8199999928474426,0.2090270072221756
0.8199999928474426,0.2090270072221756
0.8199999928474426,0.2090270072221756
0.8199999928474426,0.2090270072221756
0.8199999928474426,0.2090270072221756
0.8199999928474426,0.2090270072221756
0.8199999928474426,0.2090270072221756
0.8199999928474426,0.2090270072221756
0.8199999928474426,0.2090270072221756
0.8199999928474426,0.2090270072221756
0.8199999928474426,0.2090270072221756
0.8199999928474426,0.2090270072221756
0.8199999928474426,0.2090270072221756
0.8199999928474426,0.2090270072221756
0.8199999928474426,0.2090270072221756
0.8199999928474426,0.2090270072221756
0.8199999928474426,0.2090270072221756
0.8199999928474426,0.2090270072221756
0.8199999928474426,0.2090270072221756
0.8199999928474426,0.2090270072221756
0.8199999928474426,0.2090270072221756
0.8199999928474426,0.2090270072221756
0.8199999928474426,0.2090270072221756
0.8199999928474426,0.2090270072221756
0.8199999928474426,0.2090270072221756
0.8199999928474426,0.2090270072221756
0.8199999928474426,0.2090270072221756
0.8199999928474426,0.2090270072221756
0.8199999928474426,0.2090270072221756
0.8199999928474426,0.2090270072221756
0.8199999928474426,0.2090270072221756
0.8199999928474426,0.2090270072221756
0.8199999928474426,0.2090270072221756
0.8199999928474426,0.2090270072221756
0.8199999928474426,0.2090270072221756
0.8199999928474426,0.2090270072221756
0.8199999928474426,0.2090270072221756
0.8199999928474426,0.2090270072221756
0.8399999737739563,0.21050801873207092
0.8399999737739563,0.21050801873207092
0.8399999737739563,0.21050801873207092
0.8399999737739563,0.21050801873207092
0.8399999737739563,0.21050801873207092
0.8399999737739563,0.21050801873207092
0.8399999737739563,0.21050801873207092
0.8399999737739563,0.21050801873207092
0.8399999737739563,0.21050801873207092
0.8399999737739563,0.21050801873207092
0.8399999737739563,0.21050801873207092
0.8399999737739563,0.21050801873207092
0.8399999737739563,0.21050801873207092
0.8399999737739563,0.21050801873207092
0.8399999737739563,0.21050801873207092
0.8399999737739563,0.21050801873207092
0.8399999737739563,0.21050801873207092
0.8399999737739563,0.21050801873207092
0.8399999737739563,0.21050801873207092
0.8399999737739563,0.21050801873207092
0.8399999737739563,0.21050801873207092
0.8399999737739563,0.21050801873207092
0.8399999737739563,0.21050801873207092
0.8399999737739563,0.21050801873207092
0.8399999737739563,0.21050801873207092
0.8399999737739563,0.21050801873207092
0.8399999737739563,0.21050801873207092
0.8399999737739563,0.21050801873207092
0.8399999737739563,0.21050801873207092
0.8399999737739563,0.21050801873207092
0.8399999737739563,0.21050801873207092
0.8399999737739563,0.21050801873207092
0.8399999737739563,0.21050801873207092
0.8399999737739563,0.21050801873207092
0.8399999737739563,0.21050801873207092
0.8399999737739563,0.21050801873207092
0.8399999737739563,0.21050801873207092
0.8399999737739563,0.21050801873207092
0.8399999737739563,0.21050801873207092
0.8399999737739563,0.21050801873207092
0.8399999737739563,0.21050801873207092
0.8399999737739563,0.21050801873207092
0.8399999737739563,0.21050801873207092
0.8399999737739563,0.21050801873207092
0.8399999737739563,0.21050801873207092
0.8399999737739563,0.21050801873207092
0.8399999737739563,0.21050801873207092
0.8399999737739563,0.21050801873207092
0.8399999737739563,0.21050801873207092
0.8399999737739563,0.21050801873207092
0.8399999737739563,0.21050801873207092
0.8399999737739563,0.21050801873207092
0.8399999737739563,0.21050801873207092
0.8399999737739563,0.21050801873207092
0.8399999737739563,0.21050801873207092
0.8399999737739563,0.21050801873207092
0.8399999737739563,0.21050801873207092
0.8399999737739563,0.21050801873207092
0.8399999737739563,0.21050801873207092
0.8399999737739563,0.21050801873207092
0.8399999737739563,0.21050801873207092
0.8399999737739563,0.21050801873207092
0.8399999737739563,0.21050801873207092
0.8399999737739563,0.21050801873207092
0.8399999737739563,0.21050801873207092
0.8399999737739563,0.21050801873207092
0.8399999737739563,0.21050801873207092
0.8399999737739563,0.21050801873207092
0.8399999737739563,0.21050801873207092
0.8399999737739563,0.21050801873207092
0.8399999737739563,0.21050801873207092
0.8399999737739563,0.21050801873207092
0.8399999737739563,0.21050801873207092
0.8399999737739563,0.21050801873207092
0.8399999737739563,0.21050801873207092
0.8399999737739563,0.21050801873207092
0.8399999737739563,0.21050801873207092
0.8399999737739563,0.21050801873207092
0.8399999737739563,0.21050801873207092
0.8399999737739563,0.21050801873207092
0.8399999737739563,0.21050801873207092
0.8399999737739563,0.21050801873207092
0.8399999737739563,0.21050801873207092
0.8399999737739563,0.21050801873207092
0.8399999737739563,0.21050801873207092
0.8399999737739563,0.21050801873207092
0.8399999737739563,0.21050801873207092
0.8399999737739563,0.21050801873207092
0.8399999737739563,0.21050801873207092
0.8399999737739563,0.21050801873207092
0.8399999737739563,0.21050801873207092
0.8399999737739563,0.21050801873207092
0.8399999737739563,0.21050801873207092
0.8399999737739563,0.21050801873207092
0.8399999737739563,0.21050801873207092
0.8399999737739563,0.21050801873207092
0.8399999737739563,0.21050801873207092
0.8399999737739563,0.21050801873207092
0.8399999737739563,0.21050801873207092
0.8399999737739563,0.21050801873207092
0.8399999737739563,0.21050801873207092
0.8600000143051147,0.21197101473808289
0.8600000143051147,0.21197101473808289
0.8600000143051147,0.21197101473808289
0.8600000143051147,0.21197101473808289
0.8600000143051147,0.21197101473808289
0.8600000143051147,0.21197101473808289
0.8600000143051147,0.21197101473808289
0.8600000143051147,0.21197101473808289
0.8600000143051147,0.21197101473808289
0.8600000143051147,0.21197101473808289
0.8600000143051147,0.21197101473808289
0.8600000143051147,0.21197101473808289
0.8600000143051147,0.21197101473808289
0.8600000143051147,0.21197101473808289
0.8600000143051147,0.21197101473808289
0.8600000143051147,0.21197101473808289
0.8600000143051147,0.21197101473808289
0.8600000143051147,0.21197101473808289
0.8600000143051147,0.21197101473808289
0.8600000143051147,0.21197101473808289
0.8600000143051147,0.21197101473808289
0.8600000143051147,0.21197101473808289
0.8600000143051147,0.21197101473808289
0.8600000143051147,0.21197101473808289
0.8600000143051147,0.21197101473808289
0.8600000143051147,0.21197101473808289
0.8600000143051147,0.21197101473808289
0.8600000143051147,0.21197101473808289
0.8600000143051147,0.21197101473808289
0.8600000143051147,0.21197101473808289
0.8600000143051147,0.21197101473808289
0.8600000143051147,0.21197101473808289
0.8600000143051147,0.21197101473808289
0.8600000143051147,0.21197101473808289
0.8600000143051147,0.21197101473808289
0.8600000143051147,0.21197101473808289
0.8600000143051147,0.21197101473808289
0.8600000143051147,0.21197101473808289
0.8600000143051147,0.21197101473808289
0.8600000143051147,0.21197101473808289
0.8600000143051147,0.21197101473808289
0.8600000143051147,0.21197101473808289
0.8600000143051147,0.21197101473808289
0.8600000143051147,0.21197101473808289
0.8600000143051147,0.21197101473808289
0.8600000143051147,0.21197101473808289
0.8600000143051147,0.21197101473808289
0.8600000143051147,0.21197101473808289
0.8600000143051147,0.21197101473808289
0.8600000143051147,0.21197101473808289
0.8600000143051147,0.21197101473808289
0.8600000143051147,0.21197101473808289
0.8600000143051147,0.21197101473808289
0.8600000143051147,0.21197101473808289
0.8600000143051147,0.21197101473808289
0.8600000143051147,0.21197101473808289
0.8600000143051147,0.21197101473808289
0.8600000143051147,0.21197101473808289
0.8600000143051147,0.21197101473808289
0.8600000143051147,0.21197101473808289
0.8600000143051147,0.21197101473808289
0.8600000143051147,0.21197101473808289
0.8600000143051147,0.21197101473808289
0.8600000143051147,0.21197101473808289
0.8600000143051147,0.21197101473808289
0.8600000143051147,0.21197101473808289
0.8600000143051147,0.21197101473808289
0.8600000143051147,0.21197101473808289
0.8600000143051147,0.21197101473808289
0.8600000143051147,0.21197101473808289
0.8600000143051147,0.21197101473808289
0.8600000143051147,0.21197101473808289
0.8600000143051147,0.21197101473808289
0.8600000143051147,0.21197101473808289
0.8600000143051147,0.21197101473808289
0.8600000143051147,0.21197101473808289
0.8600000143051147,0.21197101473808289
0.8600000143051147,0.21197101473808289
0.8600000143051147,0.21197101473808289
0.8600000143051147,0.21197101473808289
0.8600000143051147,0.21197101473808289
0.8600000143051147,0.21197101473808289
0.8600000143051147,0.21197101473808289
0.8600000143051147,0.21197101473808289
0.8600000143051147,0.21197101473808289
0.8600000143051147,0.21197101473808289
0.8600000143051147,0.21197101473808289
0.8600000143051147,0.21197101473808289
0.8600000143051147,0.21197101473808289
0.8600000143051147,0.21197101473808289
0.8600000143051147,0.21197101473808289
0.8600000143051147,0.21197101473808289
0.8600000143051147,0.21197101473808289
0.8600000143051147,0.21197101473808289
0.8600000143051147,0.21197101473808289
0.8600000143051147,0.21197101473808289
0.8600000143051147,0.21197101473808289
0.8600000143051147,0.21197101473808289
0.8600000143051147,0.21197101473808289
0.8600000143051147,0.21197101473808289
0.8600000143051147,0.21197101473808289
0.8799999952316284,0.2134152352809906
0.8799999952316284,0.2134152352809906
0.8799999952316284,0.2134152352809906
0.8799999952316284,0.2134152352809906
0.8799999952316284,0.2134152352809906
0.8799999952316284,0.2134152352809906
0.8799999952316284,0.2134152352809906
0.8799999952316284,0.2134152352809906
0.8799999952316284,0.2134152352809906
0.8799999952316284,0.2134152352809906
0.8799999952316284,0.2134152352809906
0.8799999952316284,0.2134152352809906
0.8799999952316284,0.2134152352809906
0.8799999952316284,0.2134152352809906
0.8799999952316284,0.2134152352809906
0.8799999952316284,0.2134152352809906
0.8799999952316284,0.2134152352809906
0.8799999952316284,0.2134152352809906
0.8799999952316284,0.2134152352809906
0.8799999952316284,0.2134152352809906
0.8799999952316284,0.2134152352809906
0.8799999952316284,0.2134152352809906
0.8799999952316284,0.2134152352809906
0.8799999952316284,0.2134152352809906
0.8799999952316284,0.2134152352809906
0.8799999952316284,0.2134152352809906
0.8799999952316284,0.2134152352809906
0.8799999952316284,0.2134152352809906
0.8799999952316284,0.2134152352809906
0.8799999952316284,0.2134152352809906
0.8799999952316284,0.2134152352809906
0.8799999952316284,0.2134152352809906
0.8799999952316284,0.2134152352809906
0.8799999952316284,0.2134152352809906
0.8799999952316284,0.2134152352809906
0.8799999952316284,0.2134152352809906
0.8799999952316284,0.2134152352809906
0.8799999952316284,0.2134152352809906
0.8799999952316284,0.2134152352809906
0.8799999952316284,0.2134152352809906
0.8799999952316284,0.2134152352809906
0.8799999952316284,0.2134152352809906
0.8799999952316284,0.2134152352809906
0.8799999952316284,0.2134152352809906
0.8799999952316284,0.2134152352809906
0.8799999952316284,0.2134152352809906
0.8799999952316284,0.2134152352809906
0.8799999952316284,0.2134152352809906
0.8799999952316284,0.2134152352809906
0.8799999952316284,0.2134152352809906
0.8799999952316284,0.2134152352809906
0.8799999952316284,0.2134152352809906
0.8799999952316284,0.2134152352809906
0.8799999952316284,0.2134152352809906
0.8799999952316284,0.2134152352809906
0.8799999952316284,0.2134152352809906
0.8799999952316284,0.2134152352809906
0.8799999952316284,0.2134152352809906
0.8799999952316284,0.2134152352809906
0.8799999952316284,0.2134152352809906
0.8799999952316284,0.2134152352809906
0.8799999952316284,0.2134152352809906
0.8799999952316284,0.2134152352809906
0.8799999952316284,0.2134152352809906
0.8799999952316284,0.2134152352809906
0.8799999952316284,0.2134152352809906
0.8799999952316284,0.2134152352809906
0.8799999952316284,0.2134152352809906
0.8799999952316284,0.2134152352809906
0.8799999952316284,0.2134152352809906
0.8799999952316284,0.2134152352809906
0.8799999952316284,0.2134152352809906
0.8799999952316284,0.2134152352809906
0.8799999952316284,0.2134152352809906
0.8799999952316284,0.2134152352809906
0.8799999952316284,0.2134152352809906
0.8799999952316284,0.2134152352809906
0.8799999952316284,0.2134152352809906
0.8799999952316284,0.2134152352809906
0.8799999952316284,0.2134152352809906
0.8799999952316284,0.2134152352809906
0.8799999952316284,0.2134152352809906
0.8799999952316284,0.2134152352809906
0.8799999952316284,0.2134152352809906
0.8799999952316284,0.2134152352809906
0.8799999952316284,0.2134152352809906
0.8799999952316284,0.2134152352809906
0.8799999952316284,0.2134152352809906
0.8799999952316284,0.2134152352809906
0.8799999952316284,0.2134152352809906
0.8799999952316284,0.2134152352809906
0.8799999952316284,0.2134152352809906
0.8799999952316284,0.2134152352809906
0.8799999952316284,0.2134152352809906
0.8799999952316284,0.2134152352809906
0.8799999952316284,0.2134152352809906
0.8799999952316284,0.2134152352809906
0.8799999952316284,0.2134152352809906
0.8799999952316284,0.2134152352809906
0.8799999952316284,0.2134152352809906
0.8799999952316284,0.2134152352809906
0.8999999761581421,0.2148398756980896
0.8999999761581421,0.2148398756980896
0.8999999761581421,0.2148398756980896
0.8999999761581421,0.2148398756980896
0.8999999761581421,0.2148398756980896
0.8999999761581421,0.2148398756980896
0.8999999761581421,0.2148398756980896
0.8999999761581421,0.2148398756980896
0.8999999761581421,0.2148398756980896
0.8999999761581421,0.2148398756980896
0.8999999761581421,0.2148398756980896
0.8999999761581421,0.2148398756980896
0.8999999761581421,0.2148398756980896
0.8999999761581421,0.2148398756980896
0.8999999761581421,0.2148398756980896
0.8999999761581421,0.2148398756980896
0.8999999761581421,0.2148398756980896
0.8999999761581421,0.2148398756980896
0.8999999761581421,0.2148398756980896
0.8999999761581421,0.2148398756980896
0.8999999761581421,0.2148398756980896
0.8999999761581421,0.2148398756980896
0.8999999761581421,0.2148398756980896
0.8999999761581421,0.2148398756980896
0.8999999761581421,0.2148398756980896
0.8999999761581421,0.2148398756980896
0.8999999761581421,0.2148398756980896
0.8999999761581421,0.2148398756980896
0.8999999761581421,0.2148398756980896
0.8999999761581421,0.2148398756980896
0.8999999761581421,0.2148398756980896
0.8999999761581421,0.2148398756980896
0.8999999761581421,0.2148398756980896
0.8999999761581421,0.2148398756980896
0.8999999761581421,0.2148398756980896
0.8999999761581421,0.2148398756980896
0.8999999761581421,0.2148398756980896
0.8999999761581421,0.2148398756980896
0.8999999761581421,0.2148398756980896
0.8999999761581421,0.2148398756980896
0.8999999761581421,0.2148398756980896
0.8999999761581421,0.2148398756980896
0.8999999761581421,0.2148398756980896
0.8999999761581421,0.2148398756980896
0.8999999761581421,0.2148398756980896
0.8999999761581421,0.2148398756980896
0.8999999761581421,0.2148398756980896
0.8999999761581421,0.2148398756980896
0.8999999761581421,0.2148398756980896
0.8999999761581421,0.2148398756980896
0.8999999761581421,0.2148398756980896
0.8999999761581421,0.2148398756980896
0.8999999761581421,0.2148398756980896
0.8999999761581421,0.2148398756980896
0.8999999761581421,0.2148398756980896
0.8999999761581421,0.2148398756980896
0.8999999761581421,0.2148398756980896
0.8999999761581421,0.2148398756980896
0.8999999761581421,0.2148398756980896
0.8999999761581421,0.2148398756980896
0.8999999761581421,0.2148398756980896
0.8999999761581421,0.2148398756980896
0.8999999761581421,0.2148398756980896
0.8999999761581421,0.2148398756980896
0.8999999761581421,0.2148398756980896
0.8999999761581421,0.2148398756980896
0.8999999761581421,0.2148398756980896
0.8999999761581421,0.2148398756980896
0.8999999761581421,0.2148398756980896
0.8999999761581421,0.2148398756980896
0.8999999761581421,0.2148398756980896
0.8999999761581421,0.2148398756980896
0.8999999761581421,0.2148398756980896
0.8999999761581421,0.2148398756980896
0.8999999761581421,0.2148398756980896
0.8999999761581421,0.2148398756980896
0.8999999761581421,0.2148398756980896
0.8999999761581421,0.2148398756980896
0.8999999761581421,0.2148398756980896
0.8999999761581421,0.2148398756980896
0.8999999761581421,0.2148398756980896
0.8999999761581421,0.2148398756980896
0.8999999761581421,0.2148398756980896
0.8999999761581421,0.2148398756980896
0.8999999761581421,0.2148398756980896
0.8999999761581421,0.2148398756980896
0.8999999761581421,0.2148398756980896
0.8999999761581421,0.2148398756980896
0.8999999761581421,0.2148398756980896
0.8999999761581421,0.2148398756980896
0.8999999761581421,0.2148398756980896
0.8999999761581421,0.2148398756980896
0.8999999761581421,0.2148398756980896
0.8999999761581421,0.2148398756980896
0.8999999761581421,0.2148398756980896
0.8999999761581421,0.2148398756980896
0.8999999761581421,0.2148398756980896
0.8999999761581421,0.2148398756980896
0.8999999761581421,0.2148398756980896
0.8999999761581421,0.2148398756980896
0.8999999761581421,0.2148398756980896
0.9200000166893005,0.21624422073364258
0.9200000166893005,0.21624422073364258
0.9200000166893005,0.21624422073364258
0.9200000166893005,0.21624422073364258
0.9200000166893005,0.21624422073364258
0.9200000166893005,0.21624422073364258
0.9200000166893005,0.21624422073364258
0.9200000166893005,0.21624422073364258
0.9200000166893005,0.21624422073364258
0.9200000166893005,0.21624422073364258
0.9200000166893005,0.21624422073364258
0.9200000166893005,0.21624422073364258
0.9200000166893005,0.21624422073364258
0.9200000166893005,0.21624422073364258
0.9200000166893005,0.21624422073364258
0.9200000166893005,0.21624422073364258
0.9200000166893005,0.21624422073364258
0.9200000166893005,0.21624422073364258
0.9200000166893005,0.21624422073364258
0.9200000166893005,0.21624422073364258
0.9200000166893005,0.21624422073364258
0.9200000166893005,0.21624422073364258
0.9200000166893005,0.21624422073364258
0.9200000166893005,0.21624422073364258
0.9200000166893005,0.21624422073364258
0.9200000166893005,0.21624422073364258
0.9200000166893005,0.21624422073364258
0.9200000166893005,0.21624422073364258
0.9200000166893005,0.21624422073364258
0.9200000166893005,0.21624422073364258
0.9200000166893005,0.21624422073364258
0.9200000166893005,0.21624422073364258
0.9200000166893005,0.21624422073364258
0.9200000166893005,0.21624422073364258
0.9200000166893005,0.21624422073364258
0.9200000166893005,0.21624422073364258
0.9200000166893005,0.21624422073364258
0.9200000166893005,0.21624422073364258
0.9200000166893005,0.21624422073364258
0.9200000166893005,0.21624422073364258
0.9200000166893005,0.21624422073364258
0.9200000166893005,0.21624422073364258
0.9200000166893005,0.21624422073364258
0.9200000166893005,0.21624422073364258
0.9200000166893005,0.21624422073364258
0.9200000166893005,0.21624422073364258
0.9200000166893005,0.21624422073364258
0.9200000166893005,0.21624422073364258
0.9200000166893005,0.21624422073364258
0.9200000166893005,0.21624422073364258
0.9200000166893005,0.21624422073364258
0.9200000166893005,0.21624422073364258
0.9200000166893005,0.21624422073364258
0.9200000166893005,0.21624422073364258
0.9200000166893005,0.21624422073364258
0.9200000166893005,0.21624422073364258
0.9200000166893005,0.21624422073364258
0.9200000166893005,0.21624422073364258
0.9200000166893005,0.21624422073364258
0.9200000166893005,0.21624422073364258
0.9200000166893005,0.21624422073364258
0.9200000166893005,0.21624422073364258
0.9200000166893005,0.21624422073364258
0.9200000166893005,0.21624422073364258
0.9200000166893005,0.21624422073364258
0.9200000166893005,0.21624422073364258
0.9200000166893005,0.21624422073364258
0.9200000166893005,0.21624422073364258
0.9200000166893005,0.21624422073364258
0.9200000166893005,0.21624422073364258
0.9200000166893005,0.21624422073364258
0.9200000166893005,0.21624422073364258
0.9200000166893005,0.21624422073364258
0.9200000166893005,0.21624422073364258
0.9200000166893005,0.21624422073364258
0.9200000166893005,0.21624422073364258
0.9200000166893005,0.21624422073364258
0.9200000166893005,0.21624422073364258
0.9200000166893005,0.21624422073364258
0.9200000166893005,0.21624422073364258
0.9200000166893005,0.21624422073364258
0.9200000166893005,0.21624422073364258
0.9200000166893005,0.21624422073364258
0.9200000166893005,0.21624422073364258
0.9200000166893005,0.21624422073364258
0.9200000166893005,0.21624422073364258
0.9200000166893005,0.21624422073364258
0.9200000166893005,0.21624422073364258
0.9200000166893005,0.21624422073364258
0.9200000166893005,0.21624422073364258
0.9200000166893005,0.21624422073364258
0.9200000166893005,0.21624422073364258
0.9200000166893005,0.21624422073364258
0.9200000166893005,0.21624422073364258
0.9200000166893005,0.21624422073364258
0.9200000166893005,0.21624422073364258
0.9200000166893005,0.21624422073364258
0.9200000166893005,0.21624422073364258
0.9200000166893005,0.21624422073364258
0.9200000166893005,0.21624422073364258
0.9200000166893005,0.21624422073364258
0.9399999976158142,0.2176274061203003
0.9399999976158142,0.2176274061203003
0.9399999976158142,0.2176274061203003
0.9399999976158142,0.2176274061203003
0.9399999976158142,0.2176274061203003
0.9399999976158142,0.2176274061203003
0.9399999976158142,0.2176274061203003
0.9399999976158142,0.2176274061203003
0.9399999976158142,0.2176274061203003
0.9399999976158142,0.2176274061203003
0.9399999976158142,0.2176274061203003
0.9399999976158142,0.2176274061203003
0.9399999976158142,0.2176274061203003
0.9399999976158142,0.2176274061203003
0.9399999976158142,0.2176274061203003
0.9399999976158142,0.2176274061203003
0.9399999976158142,0.2176274061203003
0.9399999976158142,0.2176274061203003
0.9399999976158142,0.2176274061203003
0.9399999976158142,0.2176274061203003
0.9399999976158142,0.2176274061203003
0.9399999976158142,0.2176274061203003
0.9399999976158142,0.2176274061203003
0.9399999976158142,0.2176274061203003
0.9399999976158142,0.2176274061203003
0.9399999976158142,0.2176274061203003
0.9399999976158142,0.2176274061203003
0.9399999976158142,0.2176274061203003
0.9399999976158142,0.2176274061203003
0.9399999976158142,0.2176274061203003
0.9399999976158142,0.2176274061203003
0.9399999976158142,0.2176274061203003
0.9399999976158142,0.2176274061203003
0.9399999976158142,0.2176274061203003
0.9399999976158142,0.2176274061203003
0.9399999976158142,0.2176274061203003
0.9399999976158142,0.2176274061203003
0.9399999976158142,0.2176274061203003
0.9399999976158142,0.2176274061203003
0.9399999976158142,0.2176274061203003
0.9399999976158142,0.2176274061203003
0.9399999976158142,0.2176274061203003
0.9399999976158142,0.2176274061203003
0.9399999976158142,0.2176274061203003
0.9399999976158142,0.2176274061203003
0.9399999976158142,0.2176274061203003
0.9399999976158142,0.2176274061203003
0.9399999976158142,0.2176274061203003
0.9399999976158142,0.2176274061203003
0.9399999976158142,0.2176274061203003
0.9399999976158142,0.2176274061203003
0.9399999976158142,0.2176274061203003
0.9399999976158142,0.2176274061203003
0.9399999976158142,0.2176274061203003
0.9399999976158142,0.2176274061203003
0.9399999976158142,0.2176274061203003
0.9399999976158142,0.2176274061203003
0.9399999976158142,0.2176274061203003
0.9399999976158142,0.2176274061203003
0.9399999976158142,0.2176274061203003
0.9399999976158142,0.2176274061203003
0.9399999976158142,0.2176274061203003
0.9399999976158142,0.2176274061203003
0.9399999976158142,0.2176274061203003
0.9399999976158142,0.2176274061203003
0.9399999976158142,0.2176274061203003
0.9399999976158142,0.2176274061203003
0.9399999976158142,0.2176274061203003
0.9399999976158142,0.2176274061203003
0.9399999976158142,0.2176274061203003
0.9399999976158142,0.2176274061203003
0.9399999976158142,0.2176274061203003
0.9399999976158142,0.2176274061203003
0.9399999976158142,0.2176274061203003
0.9399999976158142,0.2176274061203003
0.9399999976158142,0.2176274061203003
0.9399999976158142,0.2176274061203003
0.9399999976158142,0.2176274061203003
0.9399999976158142,0.2176274061203003
0.9399999976158142,0.2176274061203003
0.9399999976158142,0.2176274061203003
0.9399999976158142,0.2176274061203003
0.9399999976158142,0.2176274061203003
0.9399999976158142,0.2176274061203003
0.9399999976158142,0.2176274061203003
0.9399999976158142,0.2176274061203003
0.9399999976158142,0.2176274061203003
0.9399999976158142,0.2176274061203003
0.9399999976158142,0.2176274061203003
0.9399999976158142,0.2176274061203003
0.9399999976158142,0.2176274061203003
0.9399999976158142,0.2176274061203003
0.9399999976158142,0.2176274061203003
0.9399999976158142,0.2176274061203003
0.9399999976158142,0.2176274061203003
0.9399999976158142,0.2176274061203003
0.9399999976158142,0.2176274061203003
0.9399999976158142,0.2176274061203003
0.9399999976158142,0.2176274061203003
0.9399999976158142,0.2176274061203003
0.9399999976158142,0.2176274061203003
0.9599999785423279,0.21898870170116425
0.9599999785423279,0.21898870170116425
0.9599999785423279,0.21898870170116425
0.9599999785423279,0.21898870170116425
0.9599999785423279,0.21898870170116425
0.9599999785423279,0.21898870170116425
0.9599999785423279,0.21898870170116425
0.9599999785423279,0.21898870170116425
0.9599999785423279,0.21898870170116425
0.9599999785423279,0.21898870170116425
0.9599999785423279,0.21898870170116425
0.9599999785423279,0.21898870170116425
0.9599999785423279,0.21898870170116425
0.9599999785423279,0.21898870170116425
0.9599999785423279,0.21898870170116425
0.9599999785423279,0.21898870170116425
0.9599999785423279,0.21898870170116425
0.9599999785423279,0.21898870170116425
0.9599999785423279,0.21898870170116425
0.9599999785423279,0.21898870170116425
0.9599999785423279,0.21898870170116425
0.9599999785423279,0.21898870170116425
0.9599999785423279,0.21898870170116425
0.9599999785423279,0.21898870170116425
0.9599999785423279,0.21898870170116425
0.9599999785423279,0.21898870170116425
0.9599999785423279,0.21898870170116425
0.9599999785423279,0.21898870170116425
0.9599999785423279,0.21898870170116425
0.9599999785423279,0.21898870170116425
0.9599999785423279,0.21898870170116425
0.9599999785423279,0.21898870170116425
0.9599999785423279,0.21898870170116425
0.9599999785423279,0.21898870170116425
0.9599999785423279,0.21898870170116425
0.9599999785423279,0.21898870170116425
0.9599999785423279,0.21898870170116425
0.9599999785423279,0.21898870170116425
0.9599999785423279,0.21898870170116425
0.9599999785423279,0.21898870170116425
0.9599999785423279,0.21898870170116425
0.9599999785423279,0.21898870170116425
0.9599999785423279,0.21898870170116425
0.9599999785423279,0.21898870170116425
0.9599999785423279,0.21898870170116425
0.9599999785423279,0.21898870170116425
0.9599999785423279,0.21898870170116425
0.9599999785423279,0.21898870170116425
0.9599999785423279,0.21898870170116425
0.9599999785423279,0.21898870170116425
0.9599999785423279,0.21898870170116425
0.9599999785423279,0.21898870170116425
0.9599999785423279,0.21898870170116425
0.9599999785423279,0.21898870170116425
0.9599999785423279,0.21898870170116425
0.9599999785423279,0.21898870170116425
0.9599999785423279,0.21898870170116425
0.9599999785423279,0.21898870170116425
0.9599999785423279,0.21898870170116425
0.9599999785423279,0.21898870170116425
0.9599999785423279,0.21898870170116425
0.9599999785423279,0.21898870170116425
0.9599999785423279,0.21898870170116425
0.9599999785423279,0.21898870170116425
0.9599999785423279,0.21898870170116425
0.9599999785423279,0.21898870170116425
0.9599999785423279,0.21898870170116425
0.9599999785423279,0.21898870170116425
0.9599999785423279,0.21898870170116425
0.9599999785423279,0.21898870170116425
0.9599999785423279,0.21898870170116425
0.9599999785423279,0.21898870170116425
0.9599999785423279,0.21898870170116425
0.9599999785423279,0.21898870170116425
0.9599999785423279,0.21898870170116425
0.9599999785423279,0.21898870170116425
0.9599999785423279,0.21898870170116425
0.9599999785423279,0.21898870170116425
0.9599999785423279,0.21898870170116425
0.9599999785423279,0.21898870170116425
0.9599999785423279,0.21898870170116425
0.9599999785423279,0.21898870170116425
0.9599999785423279,0.21898870170116425
0.9599999785423279,0.21898870170116425
0.9599999785423279,0.21898870170116425
0.9599999785423279,0.21898870170116425
0.9599999785423279,0.21898870170116425
0.9599999785423279,0.21898870170116425
0.9599999785423279,0.21898870170116425
0.9599999785423279,0.21898870170116425
0.9599999785423279,0.21898870170116425
0.9599999785423279,0.21898870170116425
0.9599999785423279,0.21898870170116425
0.9599999785423279,0.21898870170116425
0.9599999785423279,0.21898870170116425
0.9599999785423279,0.21898870170116425
0.9599999785423279,0.21898870170116425
0.9599999785423279,0.21898870170116425
0.9599999785423279,0.21898870170116425
0.9599999785423279,0.21898870170116425
0.9599999785423279,0.21898870170116425
0.9800000190734863,0.22032731771469116
0.9800000190734863,0.22032731771469116
0.9800000190734863,0.22032731771469116
0.9800000190734863,0.22032731771469116
0.9800000190734863,0.22032731771469116
0.9800000190734863,0.22032731771469116
0.9800000190734863,0.22032731771469116
0.9800000190734863,0.22032731771469116
0.9800000190734863,0.22032731771469116
0.9800000190734863,0.22032731771469116
0.9800000190734863,0.22032731771469116
0.9800000190734863,0.22032731771469116
0.9800000190734863,0.22032731771469116
0.9800000190734863,0.22032731771469116
0.9800000190734863,0.22032731771469116
0.9800000190734863,0.22032731771469116
0.9800000190734863,0.22032731771469116
0.9800000190734863,0.22032731771469116
0.9800000190734863,0.22032731771469116
0.9800000190734863,0.22032731771469116
0.9800000190734863,0.22032731771469116
0.9800000190734863,0.22032731771469116
0.9800000190734863,0.22032731771469116
0.9800000190734863,0.22032731771469116
0.9800000190734863,0.22032731771469116
0.9800000190734863,0.22032731771469116
0.9800000190734863,0.22032731771469116
0.9800000190734863,0.22032731771469116
0.9800000190734863,0.22032731771469116
0.9800000190734863,0.22032731771469116
0.9800000190734863,0.22032731771469116
0.9800000190734863,0.22032731771469116
0.9800000190734863,0.22032731771469116
0.9800000190734863,0.22032731771469116
0.9800000190734863,0.22032731771469116
0.9800000190734863,0.22032731771469116
0.9800000190734863,0.22032731771469116
0.9800000190734863,0.22032731771469116
0.9800000190734863,0.22032731771469116
0.9800000190734863,0.22032731771469116
0.9800000190734863,0.22032731771469116
0.9800000190734863,0.22032731771469116
0.9800000190734863,0.22032731771469116
0.9800000190734863,0.22032731771469116
0.9800000190734863,0.22032731771469116
0.9800000190734863,0.22032731771469116
0.9800000190734863,0.22032731771469116
0.9800000190734863,0.22032731771469116
0.9800000190734863,0.22032731771469116
0.9800000190734863,0.22032731771469116
0.9800000190734863,0.22032731771469116
0.9800000190734863,0.22032731771469116
0.9800000190734863,0.22032731771469116
0.9800000190734863,0.22032731771469116
0.9800000190734863,0.22032731771469116
0.9800000190734863,0.22032731771469116
0.9800000190734863,0.22032731771469116
0.9800000190734863,0.22032731771469116
0.9800000190734863,0.22032731771469116
0.9800000190734863,0.22032731771469116
0.9800000190734863,0.22032731771469116
0.9800000190734863,0.22032731771469116
0.9800000190734863,0.22032731771469116
0.9800000190734863,0.22032731771469116
0.9800000190734863,0.22032731771469116
0.9800000190734863,0.22032731771469116
0.9800000190734863,0.22032731771469116
0.9800000190734863,0.22032731771469116
0.9800000190734863,0.22032731771469116
0.9800000190734863,0.22032731771469116
0.9800000190734863,0.22032731771469116
0.9800000190734863,0.22032731771469116
0.9800000190734863,0.22032731771469116
0.9800000190734863,0.22032731771469116
0.9800000190734863,0.22032731771469116
0.9800000190734863,0.22032731771469116
0.9800000190734863,0.22032731771469116
0.9800000190734863,0.22032731771469116
0.9800000190734863,0.22032731771469116
0.9800000190734863,0.22032731771469116
0.9800000190734863,0.22032731771469116
0.9800000190734863,0.22032731771469116
0.9800000190734863,0.22032731771469116
0.9800000190734863,0.22032731771469116
0.9800000190734863,0.22032731771469116
0.9800000190734863,0.22032731771469116
0.9800000190734863,0.22032731771469116
0.9800000190734863,0.22032731771469116
0.9800000190734863,0.22032731771469116
0.9800000190734863,0.22032731771469116
0.9800000190734863,0.22032731771469116
0.9800000190734863,0.22032731771469116
0.9800000190734863,0.22032731771469116
0.9800000190734863,0.22032731771469116
0.9800000190734863,0.22032731771469116
0.9800000190734863,0.22032731771469116
0.9800000190734863,0.22032731771469116
0.9800000190734863,0.22032731771469116
0.9800000190734863,0.22032731771469116
0.9800000190734863,0.22032731771469116
0.9800000190734863,0.22032731771469116
1.0,0.2216426134109497
1.0,0.2216426134109497
1.0,0.2216426134109497
1.0,0.2216426134109497
1.0,0.2216426134109497
1.0,0.2216426134109497
1.0,0.2216426134109497
1.0,0.2216426134109497
1.0,0.2216426134109497
1.0,0.2216426134109497
1.0,0.2216426134109497
1.0,0.2216426134109497
1.0,0.2216426134109497
1.0,0.2216426134109497
1.0,0.2216426134109497
1.0,0.2216426134109497
1.0,0.2216426134109497
1.0,0.2216426134109497
1.0,0.2216426134109497
1.0,0.2216426134109497
1.0,0.2216426134109497
1.0,0.2216426134109497
1.0,0.2216426134109497
1.0,0.2216426134109497
1.0,0.2216426134109497
1.0,0.2216426134109497
1.0,0.2216426134109497
1.0,0.2216426134109497
1.0,0.2216426134109497
1.0,0.2216426134109497
1.0,0.2216426134109497
1.0,0.2216426134109497
1.0,0.2216426134109497
1.0,0.2216426134109497
1.0,0.2216426134109497
1.0,0.2216426134109497
1.0,0.2216426134109497
1.0,0.2216426134109497
1.0,0.2216426134109497
1.0,0.2216426134109497
1.0,0.2216426134109497
1.0,0.2216426134109497
1.0,0.2216426134109497
1.0,0.2216426134109497
1.0,0.2216426134109497
1.0,0.2216426134109497
1.0,0.2216426134109497
1.0,0.2216426134109497
1.0,0.2216426134109497
1.0,0.2216426134109497
1.0,0.2216426134109497
1.0,0.2216426134109497
1.0,0.2216426134109497
1.0,0.2216426134109497
1.0,0.2216426134109497
1.0,0.2216426134109497
1.0,0.2216426134109497
1.0,0.2216426134109497
1.0,0.2216426134109497
1.0,0.2216426134109497
1.0,0.2216426134109497
1.0,0.2216426134109497
1.0,0.2216426134109497
1.0,0.2216426134109497
1.0,0.2216426134109497
1.0,0.2216426134109497
1.0,0.2216426134109497
1.0,0.2216426134109497
1.0,0.2216426134109497
1.0,0.2216426134109497
1.0,0.2216426134109497
1.0,0.2216426134109497
1.0,0.2216426134109497
1.0,0.2216426134109497
1.0,0.2216426134109497
1.0,0.2216426134109497
1.0,0.2216426134109497
1.0,0.2216426134109497
1.0,0.2216426134109497
1.0,0.2216426134109497
1.0,0.2216426134109497
1.0,0.2216426134109497
1.0,0.2216426134109497
1.0,0.2216426134109497
1.0,0.2216426134109497
1.0,0.2216426134109497
1.0,0.2216426134109497
1.0,0.2216426134109497
1.0,0.2216426134109497
1.0,0.2216426134109497
1.0,0.2216426134109497
1.0,0.2216426134109497
1.0,0.2216426134109497
1.0,0.2216426134109497
1.0,0.2216426134109497
1.0,0.2216426134109497
1.0,0.2216426134109497
1.0,0.2216426134109497
1.0,0.2216426134109497
1.0,0.2216426134109497
1.0,0.2216426134109497